      ACTINIUM   [RN]7S(2)6D(1), 2D                                                   
      CHARGE = 8.90000000000000000e+01
      SYMMETRY SPECIES               S     P     D     F 
      NUMBER OF BASIS FUNCTIONS     15    12    11     6
      NUMBER OF CLOSED SHELLS        7     5     3     1
      NUMBER OF OPEN SHELLS          0     0     1     0
      OPEN SHELL OCCUPATION NUMBER   0     0     1     0
   E = -2.37221918787370014e+04
   T = 2.37221918678333350e+04     V = -4.74443837465703400e+04     V/T = -2.00000000045963988e+00
  ORBITAL ENERGIES AND EXPANSION COEFFICIENTS
        S                    1S             2S             3S             4S             5S             6S             7S 
  BASIS/ORB.ENERGY  -3.46962648529915623e+03  -6.03407539145349460e+02  -1.52640751809355351e+02  -3.90238450850503185e+01  -8.86232173877928808e+00  -1.53555447685958724e+00  -1.60978695426085172e-01
  1S      103.566421   1.14891740022774122e-01   3.23052663175932009e-02  -9.58590716341445326e-03   4.43023303706266761e-03  -3.48508980099125490e-03   1.15189447222942450e-03  -4.69429309081574023e-04
  1S       86.497397   8.86581716342022319e-01  -3.89655259902609297e-01   1.79365030100632206e-01  -9.14929100477559626e-02   4.58024788735813329e-02  -1.88469143971334227e-02   5.66333586565481023e-03
  2S       71.640446  -1.80841350304677853e-03  -2.53030680936342955e-01   1.41916871177513310e-01  -7.46269826392145647e-02   3.42627579949541516e-02  -1.47956785636998607e-02   4.14300535563964789e-03
  2S       41.677547   3.24392493589485209e-03   1.17793444036473782e+00  -6.29137225906712505e-01   3.28531007720755719e-01  -1.55084494864999950e-01   6.59428380481386078e-02  -1.88926650015004277e-02
  3S       37.312088  -2.66442816767469004e-03   9.92528542384280982e-02  -5.02856741564370879e-01   3.11842897647686523e-01  -1.66187970563824033e-01   6.87670868722331380e-02  -2.08576271019809412e-02
  3S       26.240073   2.48910813727391258e-03   2.40732738816200552e-05   7.30228567442785526e-01  -1.11542797487979475e-01   3.63421944803171346e-02  -5.28883123423593091e-03   3.78357214703144065e-03
  3S       21.005341  -1.72430075063590219e-03   4.73161897341179869e-04   7.51065958065541772e-01  -1.34888331173200715e+00   7.56745766098792405e-01  -3.38325088414952901e-01   9.60369509275430383e-02
  4S       11.023570  -6.45627413666667073e-04   3.87086309703761850e-04  -1.43963088512684620e-02  -1.44320220252731085e-01  -5.03642096123916860e-01   2.87263397886033889e-01  -9.41115402330831297e-02
  3S       11.019466   8.14800333539085204e-04  -6.49601964544427703e-04   2.90139097036806667e-02   1.67723752024684036e+00  -1.09220215763266970e+00   4.98658407535761850e-01  -1.43027570772764706e-01
  3S        5.668415   3.57254874593364736e-04  -1.01548097650078491e-04   2.42173893162887788e-03   3.84152967600055670e-02   1.36802053461455597e+00  -5.12586669829131036e-01   1.53396910867809350e-01
  3S        4.601852  -2.54449757847776195e-04   7.85602178155267439e-05  -1.64635586745549693e-03  -1.64786672176897020e-02   2.65974768755520896e-01  -7.95250077472277161e-01   2.69841367185502057e-01
  3S        2.470213   6.91345254730390293e-05  -2.24873259988254788e-05   3.81541838497602784e-04   2.07988525364899901e-03   4.87662334406276706e-03   1.12811162370506612e+00  -3.74414301070711275e-01
  3S        1.849037  -3.87583431050018656e-05   1.19806899081259832e-05  -1.95183226284463801e-04  -1.08225326086707993e-03  -2.84169836146404850e-04   3.10235176216364150e-01  -2.65017937099831125e-01
  3S         .836903   9.36102988119194117e-06  -2.86352156160194985e-06   4.37202629184798086e-05   2.06633702594292382e-04   1.77265328898025186e-05  -3.13177386036407688e-03   6.43526984940773095e-01
  3S         .612646  -4.88906938313290277e-06   1.49437331852265938e-06  -2.25340431443627075e-05  -1.03547823848844914e-04   3.96236394833076006e-06  -4.62269118857737961e-06   5.05390270773078409e-01
        P                    2P             3P             4P             5P             6P 
  BASIS/ORB.ENERGY  -5.82322962047855640e+02  -1.42405647615940239e+02  -3.43088542029071633e+01  -6.99800069403352065e+00  -9.45929055776983052e-01
  2P       83.950462  -5.52199379461119737e-03  -1.73285994641510818e-03   5.51959268166275297e-04  -1.65512836212285597e-04   1.13015047601620821e-04
  2P       47.379407  -7.53658758602373746e-01  -3.89356492478849792e-01   2.00795838577367408e-01  -9.38121564758747778e-02   3.63677658608697052e-02
  3P       42.317464  -2.57540451422613892e-01  -2.50813998278728190e-01   1.35629206068931418e-01  -6.20244911925558889e-02   2.51195232823705310e-02
  3P       25.516598  -3.04560876974648599e-02   7.31733511492324240e-01  -4.41917087331132274e-01   2.18477321900449079e-01  -8.57333943920118718e-02
  4P       25.513192   1.91389433846558821e-02   3.26510385661378688e-01  -3.76929105620120442e-01   2.30992692189164323e-01  -8.52464075824366230e-02
  4P       14.143135   7.73020829045410491e-03  -1.28048590321796413e-01   7.11958898553072483e-01  -1.25121891272678615e-01   7.83892936715743782e-02
  3P       14.143061  -9.33630281667912135e-03   2.62504747518558623e-01  -3.06593158256364351e-01   2.87968626170764186e-01  -1.45188091216333498e-01
  3P       10.014047  -2.96822540777691912e-03   2.72549922534455896e-02   7.52858715344086438e-01  -1.36857527976745241e+00   5.77927269572315994e-01
  3P        5.578447   6.45507719959363853e-04  -4.24940949199934057e-03   1.76370006122408864e-02   8.89421123301472383e-01  -1.72186040269949797e-01
  3P        4.528351  -3.65353186260711455e-04   2.05726314356584686e-03  -5.49902949022914624e-03   6.33357302672595490e-01  -8.37877386902593724e-01
  3P        2.122176   3.87029754366928879e-05  -1.79759735488608288e-04   2.37710105830347198e-04   9.77192587368972548e-03   1.08610715183564910e+00
  3P        1.425686  -1.50320082893153107e-05   6.74037779147391812e-05  -9.22675106968325092e-05  -2.29662702570384951e-03   2.22317518734950981e-01
        D                    3D             4D             5D             6D 
  BASIS/ORB.ENERGY  -1.23534729084460267e+02  -2.56020289192013131e+01  -3.71891394829717958e+00  -2.51476250160458936e-01
  3D       55.806211   3.55995012288359228e-03  -1.36092153616484599e-03   6.60154149942326928e-04  -8.71952153449783346e-05
  3D       32.318943   4.57319632556254352e-01  -2.51991501737055479e-01   1.07110638039623493e-01  -3.04496494069767670e-02
  4D       26.673684   5.00371323184311101e-01  -3.11622157331662986e-01   1.41436709150992906e-01  -3.78562241521232870e-02
  4D       17.487764   1.55128113174458848e-01   8.70652658610126806e-02  -8.95331781699679058e-02   1.19582171209482099e-02
  4D       13.909369  -6.30087041172816831e-02   4.98492514935101716e-01  -1.60531787567447209e-01   8.04650739888163602e-02
  4D       10.825716   2.23363292546410984e-02   5.15577473816484333e-01  -4.79714139739522150e-01   1.01810406594499733e-01
  4D        7.265443  -5.07808261281680363e-03   5.27701710670114774e-02   3.07955032177358035e-01  -4.81492443385364149e-02
  4D        5.033503   1.89067777234430299e-03  -6.89417929623189693e-03   7.81200873103028881e-01  -3.60324079410894837e-01
  4D        3.419505  -5.58968265652596348e-04   1.40519511999753158e-03   1.72799830244739022e-01   3.30913189037977395e-02
  4D        1.865952   1.18292931051050383e-04  -3.02449653413894108e-04   7.86394010543626240e-04   6.59109909978424779e-01
  4D        1.076193  -3.37920554118893352e-05   7.79431782039943896e-05   2.08717456421271872e-04   4.46234891591914429e-01
        F                    4F 
  BASIS/ORB.ENERGY  -1.35625488334329791e+01
  4F       30.646406   1.80943378002486714e-02
  4F       18.859879   2.49373105625553260e-01
  4F       12.433128   4.99707193999985255e-01
  5F        8.224069  -2.18041856891425356e-01
  4F        7.677769   5.29926072034873075e-01
  4F        5.545284   9.07647675787915352e-03
