      AMERICIUM   [RN]7S(2)5F(7), 8S                                                  
      CHARGE = 9.50000000000000000e+01
      SYMMETRY SPECIES               S     P     D     F 
      NUMBER OF BASIS FUNCTIONS     15    12     9     8
      NUMBER OF CLOSED SHELLS        7     5     3     1
      NUMBER OF OPEN SHELLS          0     0     0     1
      OPEN SHELL OCCUPATION NUMBER   0     0     0     7
   E = -2.76958870180409940e+04
   T = 2.76958871868463357e+04     V = -5.53917742048873333e+04     V/T = -1.99999999390503946e+00
  ORBITAL ENERGIES AND EXPANSION COEFFICIENTS
        S                    1S             2S             3S             4S             5S             6S             7S 
  BASIS/ORB.ENERGY  -3.97219386271570329e+03  -7.00004737542229918e+02  -1.80915272886402391e+02  -4.78309204218008972e+01  -1.09525914396484190e+01  -1.66808566532681013e+00  -1.61330633333041984e-01
  1S      108.514351   1.46039739064531326e-01   3.89134097835103221e-02  -1.09859073279318792e-02   6.13254967042715579e-03  -5.07252077768108670e-03   1.78008800823553702e-03  -6.67063648520719297e-04
  1S       91.949998   8.56674990798095393e-01  -4.00547986498659692e-01   1.83582975402802218e-01  -9.63831300101587185e-02   5.06766901564662045e-02  -2.02865728205516190e-02   5.38928258305484791e-03
  2S       76.105473  -3.52208242998737009e-03  -2.54952440961647209e-01   1.45719641592394172e-01  -7.66179465488367600e-02   3.59439170698277674e-02  -1.49626572194770744e-02   3.52476274697073599e-03
  2S       44.549019   3.52256815617940861e-03   1.19107257042234438e+00  -6.43330680774048758e-01   3.38762290426069423e-01  -1.64786934778892974e-01   6.77311071172504442e-02  -1.66091096528605230e-02
  3S       39.617958  -2.93181773630563905e-03   9.26800930401536355e-02  -5.32271042516580306e-01   3.50201889330767180e-01  -1.97746308140532678e-01   8.02692058347010823e-02  -2.14584920502011826e-02
  3S       27.944494   2.84419476854887296e-03  -2.87585679172865528e-03   8.94928773424507606e-01  -2.69711818067225384e-01   1.40749227570032609e-01  -5.02741907307939356e-02   1.63664127378203607e-02
  3S       21.936836  -2.14474716750580286e-03   1.87330823595631087e-03   6.34002112683619057e-01  -1.34060841742524239e+00   7.48625403398290312e-01  -3.21501523434218117e-01   7.57520350447009744e-02
  4S       12.509773  -9.16492453789639850e-04   7.53000904043636373e-04   3.29515077353816012e-04  -6.24665645906425683e-03  -7.76746008450924008e-01   4.28276958635322391e-01  -1.22804531919849733e-01
  3S       12.508435   1.25244554501728654e-03  -1.25597072992250950e-03   4.68967271165204695e-03   1.64626200734386496e+00  -1.00579389204586045e+00   4.35724796852517360e-01  -1.03327707254745577e-01
  3S        6.663735   4.13256118993282921e-04  -2.07010623002218971e-04  -1.96065478907989045e-03   3.37039401706512101e-02   1.18499160991023400e+00  -4.59411250131571913e-01   1.32485905044660401e-01
  3S        5.436424  -2.56802143617647545e-04   1.35054733706506695e-04   1.02142069258079620e-03  -9.95879609935167338e-03   5.47755047662585204e-01  -7.94371580044690551e-01   2.10048874794510038e-01
  3S        2.662610   4.82492970981408532e-05  -2.58477961925780693e-05  -1.64336288040911062e-04   3.78366994649536931e-04   5.92110806678111147e-03   1.03977003665287437e+00  -2.74277666129940978e-01
  3S        1.961718  -2.74137002924429783e-05   1.34375328051315069e-05   1.02816778466426710e-04  -2.25118813051883207e-04  -1.63916626039583343e-03   3.09538630482396881e-01  -2.32723926428567013e-01
  3S         .825118   7.04102523301741792e-06  -3.34651622967650611e-06  -2.65620556944103982e-05   2.99901139458463421e-05   3.58681487125089469e-04  -7.09341097194798702e-03   6.84939229335699395e-01
  3S         .602749  -3.97465018252782451e-06   2.00798322549322105e-06   1.44226457670534176e-05  -1.08964195386821325e-05  -7.32157562799515033e-06  -5.81237636120691460e-04   4.33367663632098221e-01
        P                    2P             3P             4P             5P             6P 
  BASIS/ORB.ENERGY  -6.77236747827780505e+02  -1.69705162802103445e+02  -4.25369997445593313e+01  -8.77430757476006029e+00  -9.92491583033573321e-01
  2P       91.104106  -4.50193998826665682e-03  -1.47050948734803633e-03   4.76015878128805932e-04  -1.28070757815015206e-04   8.18535335593965116e-05
  2P       51.359787  -7.32686017132690770e-01  -3.80690153911580065e-01   1.99993871355593184e-01  -9.74162977666691993e-02   3.60292742370742769e-02
  3P       46.111052  -2.74613914707852236e-01  -2.50359982822424443e-01   1.36584449906433342e-01  -6.45295612622324710e-02   2.46798606615816658e-02
  3P       28.473803  -4.06698143677075644e-02   5.75770140530650676e-01  -3.25241669428364633e-01   1.65300735644835856e-01  -6.18844490701360023e-02
  4P       28.476350   2.47652715506456525e-02   4.11172542088984183e-01  -3.97322360862193691e-01   2.49298704553485073e-01  -9.01295621705115318e-02
  4P       15.819973   1.41898486011978603e-02  -3.10523247582701278e-01   1.02011398629487804e+00  -2.90756998490185659e-01   1.24140493615773007e-01
  3P       14.584813  -1.68082403847331675e-02   5.09786208945682384e-01  -8.82296096860491708e-01   7.91496517085108819e-01  -3.54944278057246154e-01
  3P       11.386274  -3.02334774778248308e-03   1.26619289098608648e-02   9.31964711290011349e-01  -1.78089688232960430e+00   7.73827472875428857e-01
  3P        6.553568   6.23828893087694609e-04  -2.90559408005603348e-03   2.14317311284087375e-02   8.91732907387884244e-01  -2.91466095587004315e-01
  3P        5.147036  -3.08010008164784333e-04   1.14361557744483582e-03  -4.62618918204756296e-03   7.24174820358667648e-01  -6.92172279907566690e-01
  3P        2.343903   3.60153391676109412e-05  -1.10780015467137113e-04   2.60492352291963639e-04   9.25656001069530797e-03   9.38728053480520686e-01
  3P        1.602802  -1.47524421640736661e-05   4.62131533849370415e-05  -1.14770144113168014e-04  -2.80989412802512811e-03   3.18186436081269397e-01
        D                    3D             4D             5D 
  BASIS/ORB.ENERGY  -1.49026748978000995e+02  -3.27250204877442314e+01  -4.90703202258556370e+00
  3D       62.341082   2.30608441620935769e-03  -8.54518730746742163e-04   4.63984093067802401e-04
  3D       35.192142   4.43837894141473177e-01  -2.50870698639317991e-01   1.13018646209710263e-01
  4D       29.205796   4.99438663495167745e-01  -3.23180024525359155e-01   1.56022498852690761e-01
  4D       19.795476   1.55112936610880242e-01   4.33139095183167344e-02  -6.35872463327756127e-02
  4D       15.067734  -4.51891919983003973e-02   6.16319551822390843e-01  -2.35979194338747283e-01
  4D       11.821831   1.90469146799053662e-02   4.43591021463234980e-01  -5.49559776323727656e-01
  4D        8.312521  -4.38742238916725417e-03   4.14941381766789630e-02   4.42728961751151562e-01
  4D        5.652153   1.01790957549335718e-03  -2.30637573104527926e-03   7.78746085628106322e-01
  4D        3.713707  -1.95481006475475030e-04   3.64401509991020317e-04   1.30023043729331489e-01
        F                    4F             5F 
  BASIS/ORB.ENERGY  -1.90626498497300680e+01  -7.22153620070777214e-01
  4F       33.485222   1.65265637903047324e-02  -5.27323470047649703e-03
  4F       20.732321   2.55834299752279615e-01  -9.62790675338262431e-02
  4F       13.553845   5.65069388029046715e-01  -1.86793095187617386e-01
  5F        8.696144  -2.00987014697321220e-01   2.52863204717099721e-01
  4F        8.184470   4.38582965681780623e-01  -1.84237322575792950e-01
  4F        4.844213   1.73559150887749492e-03   5.51598437436855993e-01
  4F        2.996931  -2.24650304231992828e-04   3.85029116722401477e-01
  4F        1.866870   5.21244316502950610e-05   1.02271072894328754e-01
