      ASTATINE   [XE]4F(14)6S(2)5D(10)6P(5), 2P                                       
      CHARGE = 8.50000000000000000e+01
      SYMMETRY SPECIES               S     P     D     F 
      NUMBER OF BASIS FUNCTIONS     13    12     9     6
      NUMBER OF CLOSED SHELLS        6     4     3     1
      NUMBER OF OPEN SHELLS          0     1     0     0
      OPEN SHELL OCCUPATION NUMBER   0     5     0     0
   E = -2.12668815435411489e+04
   T = 2.12668815179985395e+04     V = -4.25337630615396920e+04     V/T = -2.00000000120105126e+00
  ORBITAL ENERGIES AND EXPANSION COEFFICIENTS
        S                    1S             2S             3S             4S             5S             6S 
  BASIS/ORB.ENERGY  -3.15263318504242079e+03  -5.42010086156031434e+02  -1.34005610719952671e+02  -3.24467441602314182e+01  -6.43101667650946407e+00  -7.65361833512259060e-01
  1S      108.903934   3.32539281661325403e-02  -1.32610765951434763e-02  -4.51071560898375253e-03   1.84318115745129739e-03  -7.53884190111158824e-04   8.80476303648985910e-05
  1S       84.018911   9.61794239723071098e-01   3.57375396602558904e-01   1.68098091093934726e-01  -8.45897664090684287e-02   3.87148767890651418e-02  -1.35457076676588802e-02
  2S       69.951611   6.87483676882161537e-03   2.52761720016222380e-01   1.34637558484333342e-01  -7.01148296429138784e-02   3.26505206531822467e-02  -1.20504802717365574e-02
  2S       39.611892   1.30893195208247747e-03  -1.15793065297031439e+00  -6.02261235743893231e-01   3.11014287483010410e-01  -1.44245091924411678e-01   5.23481698848840479e-02
  3S       36.654114  -1.13763619774161933e-03  -9.87201451582689349e-02  -4.40367901645639992e-01   2.63091682779013236e-01  -1.19379581599595080e-01   4.05448826305611215e-02
  3S       24.547370   1.11002426859456481e-03  -1.21631156155433840e-02   5.39330443146845973e-01   1.21517063277786191e-01  -2.12838417801177265e-01   9.75992127338133203e-02
  3S       20.496500  -7.58773774043409576e-04   5.56877921971555417e-03   8.65945368538298066e-01  -1.47659050264865077e+00   1.09312783133763247e+00  -4.38531073056605825e-01
  4S       14.102471   3.99178803762489107e-04  -9.84776702387220792e-04   4.07013841898581641e-02  -6.02278819629790407e-02   7.59909706101442817e-01  -3.56025149521296491e-01
  3S       10.565212  -3.51181289998216627e-04   9.13178733171818345e-04  -2.07424159664576398e-02   1.56069402279308633e+00  -2.21595341061494056e+00   9.60461234324640145e-01
  3S        4.939179   6.95936640705428137e-05  -1.82718621145053694e-04   1.86544459282832957e-03   3.08114081046130910e-02   1.29104694660212416e+00  -5.43706692225658483e-01
  3S        3.843808  -5.04842004623933481e-05   1.19801597894663534e-04  -1.37938837456880181e-03  -1.30412012848430282e-02   1.64999736313349216e-01  -3.75786117301238065e-01
  3S        2.082126   1.22689835213992969e-05  -2.67575514919668108e-05   3.13403688957188196e-04   1.88165581647355791e-03   4.54675311989239522e-03   7.76670709598758391e-01
  3S        1.407323  -4.45788821531320001e-06   9.75486746711107759e-06  -1.07869292778193027e-04  -6.38330837519670907e-04  -4.11186275767798099e-04   5.10466902203027040e-01
        P                    2P             3P             4P             5P             6P 
  BASIS/ORB.ENERGY  -5.22055668098145702e+02  -1.24415590111531444e+02  -2.81108579762375648e+01  -4.80983724641963928e+00  -3.79848570495666338e-01
  2P       79.295777  -6.24903093050193335e-03  -1.93883341175361996e-03   6.24646300842383309e-04  -1.59078092254160607e-04   8.80300101102512821e-05
  2P       45.026511  -7.57473407750299588e-01  -3.89510539506595366e-01   1.97919115771432980e-01  -8.73689536050170773e-02   2.70168570867484643e-02
  3P       40.133432  -2.53833511101867637e-01  -2.48520721334147543e-01   1.32957557153579348e-01  -5.69079839381029587e-02   1.83705215310290826e-02
  3P       23.914315  -2.92879471032969248e-02   7.77150072662878832e-01  -4.69195271920868517e-01   2.21996116164039914e-01  -6.96779835810940745e-02
  4P       23.911162   1.92391311598875125e-02   2.86194317937975007e-01  -3.49844501004783537e-01   2.12091691844502522e-01  -6.24263225508935246e-02
  4P       13.577284   7.55154955957760676e-03  -1.07933077098778446e-01   5.64112388814139498e-01  -3.29359551888009500e-02   2.26114402706869451e-02
  3P       13.501981  -1.02373652153494345e-02   2.47232666115475563e-01  -3.04998975306571551e-01   2.05085130202502935e-01  -8.57361499182185544e-02
  3P        9.503258  -2.19814738833716636e-03   1.57613636062112518e-02   9.01844126993760820e-01  -1.22393860808543642e+00   4.17967438621710763e-01
  3P        4.822702   3.21230809864306462e-04  -1.53984279847103043e-03   1.77688901721419490e-02   1.00440435023453234e+00  -3.19146969094008692e-01
  3P        3.674635  -1.81408326136155851e-04   6.58861682963388486e-04  -5.38020440381205972e-03   3.99792403576227084e-01  -3.71049193615582529e-01
  3P        1.751098   2.96422222559836997e-05  -8.77196452908837748e-05   5.15604799813881593e-04   7.42857988670144603e-03   6.78874124471364304e-01
  3P        1.110812  -1.10788525137163840e-05   3.29049664460434482e-05  -2.13097750399733924e-04  -5.56879183077998283e-06   5.20526023824324446e-01
        D                    3D             4D             5D 
  BASIS/ORB.ENERGY  -1.06743947425212994e+02  -2.01321469408469795e+01  -2.03789316581906688e+00
  3D       50.967339   5.34034179691040157e-03  -2.17616158496053511e-03   9.04631801803508604e-04
  3D       30.252536   4.73314240952361187e-01  -2.55373023497074525e-01   9.85435791391700566e-02
  4D       24.929837   4.91443364815882133e-01  -3.00229051446935957e-01   1.23081820740642167e-01
  4D       16.556179   1.26456678193100858e-01   1.18775535660420553e-01  -8.26155671277268161e-02
  4D       12.631391  -3.41819251192904197e-02   5.69188471747151259e-01  -2.12197852109728580e-01
  4D        9.553285   1.17781900862014496e-02   4.38886851057626703e-01  -3.54195616201515240e-01
  4D        6.184273  -2.38890852571647027e-03   2.96496368158227427e-02   4.15576417776236773e-01
  4D        4.084597   7.33395774141797833e-04  -2.79464300777582456e-03   6.92367550661910025e-01
  4D        2.594201  -1.55509988299545816e-04   3.61667223882418333e-04   1.38410840014969089e-01
        F                    4F 
  BASIS/ORB.ENERGY  -9.18005813902182588e+00
  4F       28.618551   1.99313182668180468e-02
  4F       17.482248   2.52090756502488300e-01
  4F       11.555443   4.55275780840684152e-01
  5F        7.769969  -2.58032666752561868e-01
  4F        7.135223   6.14022293942391606e-01
  4F        4.780973   1.47294866102946256e-02
