      BISMUTH   [XE]4F(14)6S(2)5D(10)6P(3), 4S                                        
      CHARGE = 8.30000000000000000e+01
      SYMMETRY SPECIES               S     P     D     F 
      NUMBER OF BASIS FUNCTIONS     13    12     9     6
      NUMBER OF CLOSED SHELLS        6     4     3     1
      NUMBER OF OPEN SHELLS          0     1     0     0
      OPEN SHELL OCCUPATION NUMBER   0     3     0     0
   E = -2.00955862525340817e+04
   T = 2.00955860656870973e+04     V = -4.01911723182211790e+04     V/T = -2.00000000929791177e+00
 
  ORBITAL ENERGIES AND EXPANSION COEFFICIENTS
        S                    1S             2S             3S             4S             5S             6S 
  BASIS/ORB.ENERGY  -3.00015274869165751e+03  -5.12841755241012038e+02  -1.25404950198701130e+02  -2.95874690400832385e+01  -5.49776804683363718e+00  -5.51688696907068343e-01
  1S      106.328367   3.41164491411841894e-02  -1.31842312306808037e-02  -4.54741038247530923e-03   1.68529355913419297e-03  -6.31637470291520351e-04   2.92490080494471060e-05
  1S       82.011128   9.60927468804191887e-01   3.57020555850932175e-01   1.67620874825458149e-01  -8.35384367062619454e-02   3.71823542253298112e-02  -1.19132667507750589e-02
  2S       68.287892   6.87330350885162564e-03   2.51609330362632388e-01   1.33540241336479931e-01  -6.95056555348873284e-02   3.16054634054825923e-02  -1.07395846128458521e-02
  2S       38.691586   1.38629759908032125e-03  -1.15263882131586159e+00  -5.97666203915289129e-01   3.07592051617795348e-01  -1.39132761025513363e-01   4.64112549626777837e-02
  3S       35.822829  -1.18854185466153489e-03  -1.02909953004260257e-01  -4.34656692586199322e-01   2.53698625777587283e-01  -1.11124921079014713e-01   3.44131475514101656e-02
  3S       24.123508   1.10641640221575228e-03  -1.27702093967940449e-02   4.66831133710970070e-01   1.50286782965575239e-01  -2.09185935712346421e-01   8.59557615742742448e-02
  3S       20.086799  -7.40301737479045346e-04   5.59173112090309132e-03   9.29347375385070618e-01  -1.45223611784524009e+00   1.00958173194960299e+00  -3.67414646141503765e-01
  4S       13.611590   3.58534981041170101e-04  -9.18254029065374748e-04   4.17851420841636179e-02  -1.52745044943296965e-03   6.24105454888180367e-01  -2.67059400084538379e-01
  3S       10.116856  -3.10377930550492700e-04   8.52007042322097978e-04  -2.07828122587739167e-02   1.46829015643208827e+00  -1.97784726675692291e+00   7.77377256842104680e-01
  3S        4.757245   5.82591205598711808e-05  -1.61107143824693462e-04   1.89113646975764887e-03   2.68562953504436833e-02   1.15422699006642193e+00  -4.64969416868792396e-01
  3S        3.651788  -3.88810240665195793e-05   9.64911689265863777e-05  -1.28600140780292136e-03  -9.80257081673566004e-03   2.72877284358036432e-01  -2.94746476244315769e-01
  3S        1.800290   8.71888830299426738e-06  -2.02225996943441953e-05   2.63694838734069691e-04   1.33741704939717345e-03   1.74461039798312861e-03   7.16616528239285566e-01
  3S        1.214185  -3.63165359585370694e-06   8.44001578104892975e-06  -1.04874419015826430e-04  -5.28533472268872531e-04  -4.67914880358357698e-05   4.89030829486189755e-01
        P                    2P             3P             4P             5P             6P 
  BASIS/ORB.ENERGY  -4.93449022669431145e+02  -1.16134107357500184e+02  -2.54376477881666894e+01  -3.99469730816998458e+00  -3.20094780355893949e-01
  2P       77.331767  -6.46256428374791369e-03  -1.99300405560745835e-03   6.43237223745404211e-04  -1.58962379338547594e-04   1.01366285473341206e-04
  2P       43.879146  -7.58756438670709521e-01  -3.89112488950806079e-01   1.96153690717783463e-01  -8.37561668151878824e-02   2.27372072050424888e-02
  3P       39.038245  -2.53328344151570906e-01  -2.48416332590732369e-01   1.32246465297760435e-01  -5.47692926491060716e-02   1.59564839260939451e-02
  3P       23.017341  -2.79216167883794275e-02   8.19033754226320410e-01  -4.99126545909419073e-01   2.29335115979105136e-01  -6.34256252766830231e-02
  4P       23.016667   1.86519150415236576e-02   2.54110999398239723e-01  -3.35926699537768658e-01   2.00353865532553327e-01  -4.85314260661161428e-02
  4P       13.120480   7.02043015990311877e-03  -9.27828500246652144e-02   5.08977480298967833e-01  -8.68708824465366271e-03   2.37982531920786812e-02
  3P       13.118232  -9.86899638088509917e-03   2.24607986091805961e-01  -2.34307563464634522e-01   1.41783774628775422e-01  -6.23084524267378190e-02
  3P        9.144629  -1.96497847059639392e-03   1.32524753658743270e-02   9.05184040225779807e-01  -1.13608000498827555e+00   3.29066451554204442e-01
  3P        4.600151   2.40643297259253013e-04  -1.06748450651086629e-03   1.62401449691091417e-02   9.32609584452784413e-01  -2.74491514866259056e-01
  3P        3.378836  -1.22638118034524240e-04   3.70023780474256761e-04  -3.96863105465390144e-03   4.39544178115539697e-01  -2.76221468136311932e-01
  3P        1.434936   2.21885908900929774e-05  -5.63021468845379839e-05   4.76231650413480861e-04   5.07144791135981116e-03   6.73388494278687522e-01
  3P        0.962057  -1.06256942952520727e-05   2.60935198761656210e-05  -2.20767788481554051e-04  -1.13698238144987703e-03   4.60806164376355964e-01
        D                    3D             4D             5D 
  BASIS/ORB.ENERGY  -9.90563686199154461e+01  -1.78181572893403946e+01  -1.47714405863400122e+00
  3D       49.029127   6.19753037087409243e-03  -2.55774610458369637e-03   9.80299315805554464e-04
  3D       29.255646   4.80733181059849912e-01  -2.56443116485729317e-01   9.29299470230903341e-02
  4D       24.066237   4.88743603755172840e-01  -2.94768538859154827e-01   1.13101279888812925e-01
  4D       15.927546   1.18401169220617095e-01   1.40915170836014458e-01  -8.42870414712228178e-02
  4D       12.051763  -3.02884752852903734e-02   5.72974293518496269e-01  -2.07306252651522444e-01
  4D        9.043747   1.03244716473305832e-02   4.19261246247704944e-01  -3.04165829416421174e-01
  4D        5.731630  -2.01339673299041596e-03   2.59493793821164824e-02   4.25145557375650851e-01
  4D        3.700914   6.34585961689347416e-04  -2.35051693104025355e-03   6.48238634635555977e-01
  4D        2.334962  -1.49403610003445345e-04   4.15851549168753780e-04   1.59597817944960113e-01
        F                    4F 
  BASIS/ORB.ENERGY  -7.40869223530553889e+00
  4F       27.764767   1.99836532521642900e-02
  4F       16.963291   2.39324820553780460e-01
  4F       11.441274   3.98921423032956690e-01
  5F        7.601823  -4.01392152061596841e-01
  4F        6.885683   8.24635649246991287e-01
  4F        4.337840   1.64905050358778206e-02
 
