      CALIFORNIUM   [RN]7S(2)5F(10), 5I                                               
      CHARGE = 9.80000000000000000e+01
      SYMMETRY SPECIES               S     P     D     F 
      NUMBER OF BASIS FUNCTIONS     15    12     9     8
      NUMBER OF CLOSED SHELLS        7     5     3     1
      NUMBER OF OPEN SHELLS          0     0     0     1
      OPEN SHELL OCCUPATION NUMBER   0     0     0    10
   E = -2.98174187064976395e+04
   T = 2.98174187773121848e+04     V = -5.96348374838098243e+04     V/T = -1.99999999762506109e+00
 
  ORBITAL ENERGIES AND EXPANSION COEFFICIENTS
        S                    1S             2S             3S             4S             5S             6S             7S 
  BASIS/ORB.ENERGY  -4.23635153232890298e+03  -7.51061040408154213e+02  -1.95970099714615685e+02  -5.25317909940868262e+01  -1.20761651545427640e+01  -1.76984544352518669e+00  -1.65528357269210641e-01
  1S      111.875922   1.43865323332441786e-01   3.93323863470634583e-02  -1.11498961445429725e-02   6.45394225027350055e-03  -5.50603802344959772e-03   1.97513358422902324e-03  -7.31557823382669855e-04
  1S       94.929823   8.58765994175917258e-01  -4.01101068895677482e-01   1.84315263275523805e-01  -9.77228295868526331e-02   5.22844942655790179e-02  -2.08486326834500107e-02   5.49796539840874312e-03
  2S       78.603768  -3.42367726207418481e-03  -2.55811082621544172e-01   1.46297882454921896e-01  -7.71956051271424082e-02   3.64735424016503565e-02  -1.50399469964069086e-02   3.48022127174389207e-03
  2S       45.933619   3.46486550093839767e-03   1.19611702570730327e+00  -6.46976415659359261e-01   3.42498185613323958e-01  -1.68335474970749327e-01   6.86540036785204255e-02  -1.66039166358466980e-02
  3S       40.930233  -2.93012467168599208e-03   8.71276968424131992e-02  -5.39052914581382270e-01   3.60614885680316744e-01  -2.08337479282137167e-01   8.44286110526518419e-02  -2.24011233612137588e-02
  3S       28.869705   2.89854016824283569e-03  -2.07901117083604797e-03   9.30428534228572079e-01  -3.02626510523793468e-01   1.70621275929973421e-01  -6.35998027355290374e-02   2.00804366647662387e-02
  3S       22.532170  -2.30182483752983504e-03   1.47584575716174795e-03   6.12655198723685346e-01  -1.36590863325316336e+00   7.44682981635350516e-01  -3.14035366508523983e-01   7.16629312354119530e-02
  4S       13.352997  -9.86874690481056660e-04   6.07745946047966016e-04   5.67763076156997410e-03   1.07312078963287261e-01  -9.30517773849281249e-01   5.06938256475174653e-01  -1.42566833137169696e-01
  3S       13.352629   1.44052243676973156e-03  -1.11828754282175796e-03  -5.51221238204534485e-03   1.58030941631289990e+00  -8.87373159517443000e-01   3.71590049423266955e-01  -8.38957093306633983e-02
  3S        7.005320   3.93691754670564805e-04  -1.20422898072668959e-04  -2.92832149672171693e-03   3.69686160999036714e-02   1.20361895937881491e+00  -4.96141829111337418e-01   1.42721664346308535e-01
  3S        5.716672  -2.45774250024013031e-04   8.37137554664910713e-05   1.52751309609323394e-03  -1.10713911540392916e-02   5.36108492870394415e-01  -7.52120447229256861e-01   1.92435261025987264e-01
  3S        2.804739   4.56492893933918960e-05  -1.64636416331230586e-05  -2.32933719713363966e-04   5.08912132028473368e-04   7.97624917262405517e-03   9.88837382099967521e-01  -2.50034899677577305e-01
  3S        2.067300  -2.54558814806803956e-05   7.79730732770634234e-06   1.43714671174622770e-04  -3.44193074600440804e-04  -1.46041269840195857e-03   3.48659725682829547e-01  -2.38859450046286587e-01
  3S        0.845180   6.16202559420183347e-06  -1.79326265180132259e-06  -3.47721983169161101e-05   5.94338140334675440e-05   2.26401046679317085e-04  -3.62230245389383613e-03   6.84237515388164463e-01
  3S        0.612276  -3.50624165246686751e-06   1.17184815069224754e-06   1.78800813792041142e-05  -1.69619299751967744e-05  -1.48623457255411042e-04   1.02721458073024214e-03   4.27528163190553867e-01
        P                    2P             3P             4P             5P             6P 
  BASIS/ORB.ENERGY  -7.27448519404016679e+02  -1.84266528984681912e+02  -4.69434930190394155e+01  -9.74194158888274941e+00  -1.04740953316515806e+00
  2P       94.276359  -4.24443811172074432e-03  -1.38775463033426433e-03   4.70857140106879584e-04  -1.24329242989484282e-04   8.45495712714252994e-05
  2P       53.232647  -7.26912206449272236e-01  -3.78881951010891616e-01   2.00618930452540312e-01  -9.92311371564138234e-02   3.63583961582988821e-02
  3P       47.902836  -2.78382686733957552e-01  -2.48906127226205809e-01   1.36920155828815643e-01  -6.54491848161223716e-02   2.49072854279506831e-02
  3P       29.893329  -4.45394405304469568e-02   5.18627349109283986e-01  -2.82245501084153028e-01   1.44944561442023778e-01  -5.38091893342787439e-02
  4P       29.884412   2.68432599117275350e-02   4.35524020759917363e-01  -3.97860333792648124e-01   2.53158009444736987e-01  -9.01250756629721900e-02
  4P       16.680927   1.59674319552151056e-02  -3.63604025626090399e-01   1.10955429337771627e+00  -3.20697866727153225e-01   1.33487884280639540e-01
  3P       15.262992  -1.90568741182437981e-02   5.95287607695453636e-01  -1.13868492731068960e+00   1.02472317335949126e+00  -4.52521608644099571e-01
  3P       12.121953  -3.07238955267395697e-03   5.66374985168484682e-03   1.05469934220292316e+00  -1.99666240450103949e+00   8.67721288174504668e-01
  3P        6.992505   6.12562894884353341e-04  -2.54646990979253513e-03   2.58980046830619148e-02   8.85415934439870100e-01  -3.08323542719006083e-01
  3P        5.450385  -2.92895426626743963e-04   9.29678441751238100e-04  -5.05081577108509004e-03   7.54842721471667866e-01  -6.73313960572815118e-01
  3P        2.459366   3.43814411873546972e-05  -8.98484374012696477e-05   2.86977162386444678e-04   1.04052557682180226e-02   9.09635164578244559e-01
  3P        1.676074  -1.40497300184007039e-05   4.27411526414388593e-05  -1.66707142465522413e-04  -2.27549016312623455e-03   3.36938505215220896e-01
        D                    3D             4D             5D 
  BASIS/ORB.ENERGY  -1.62673259437504811e+02  -3.65707711419770192e+01  -5.58378518433706894e+00
  3D       65.304989   1.93000279611686069e-03  -7.06855920515956910e-04   4.00803181754901254e-04
  3D       36.639006   4.36967829421122056e-01  -2.49734389865199524e-01   1.15103006724083967e-01
  4D       30.509173   4.96852737991783366e-01  -3.26555096899092401e-01   1.61337662603917992e-01
  4D       21.007637   1.59648479711307162e-01   2.03275672675711332e-02  -4.84352315255855842e-02
  4D       15.708765  -3.89986494622007809e-02   6.62895251121950357e-01  -2.72101758132562377e-01
  4D       12.348554   1.78281873366613122e-02   4.15901516820824768e-01  -5.79150773865260593e-01
  4D        8.848061  -4.37059658531269764e-03   4.03150055371166161e-02   4.94431843165031581e-01
  4D        5.968833   8.79648982265860573e-04  -1.26262677502445866e-03   7.76969608797179467e-01
  4D        3.898454  -1.78384235529674613e-04   3.82968364916208006e-04   1.19109784977454183e-01
        F                    4F             5F 
  BASIS/ORB.ENERGY  -2.20913840510051749e+01  -8.06730657721730693e-01
  4F       34.834611   1.59877480191753830e-02  -5.37525908737331894e-03
  4F       21.648291   2.58470566764821941e-01  -1.02922831726247110e-01
  4F       14.121613   5.92367755492879455e-01  -2.06651920616384821e-01
  5F        9.268811  -6.82975378398205379e-02   2.36719136719383993e-01
  4F        9.107124   2.77193389543180901e-01  -1.37552410480975357e-01
  4F        5.183159   3.43414977614100135e-03   5.58902563963882160e-01
  4F        3.200821  -2.85889133313265971e-04   3.65611746887289424e-01
  4F        1.986833   1.44603957827240656e-04   9.54019315518561534e-02
 
