      CURIUM   [RN]7S(2)6D(1)5F(7), 9D                                                
      CHARGE = 9.60000000000000000e+01
      SYMMETRY SPECIES               S     P     D     F 
      NUMBER OF BASIS FUNCTIONS     15    12    11     8
      NUMBER OF CLOSED SHELLS        7     5     3     1
      NUMBER OF OPEN SHELLS          0     0     1     1
      OPEN SHELL OCCUPATION NUMBER   0     0     1     7
   E = -2.83927721982537732e+04
   T = 2.83927721257805788e+04     V = -5.67855443240343520e+04     V/T = -2.00000000255252264e+00
 
  ORBITAL ENERGIES AND EXPANSION COEFFICIENTS
        S                    1S             2S             3S             4S             5S             6S             7S 
  BASIS/ORB.ENERGY  -4.05951577987835617e+03  -7.17056070468730695e+02  -1.86114361439338808e+02  -4.96215435695376357e+01  -1.15524525363098665e+01  -1.82398197940081919e+00  -1.71486359662949284e-01
  1S      109.612751   1.45773875380935641e-01   3.89593512641354042e-02  -1.09773810597362693e-02   6.11695733644682972e-03  -5.20241288025186013e-03   1.89295507805865913e-03  -6.78932772605687039e-04
  1S       92.936745   8.56926670718137995e-01  -4.00637238902099124e-01   1.83766961900593245e-01  -9.66943702287618029e-02   5.12905819487471173e-02  -2.09843468980562414e-02   5.70355216590463007e-03
  2S       76.950992  -3.50543951753561761e-03  -2.55041452251271838e-01   1.45826146201659429e-01  -7.68876567613676620e-02   3.61942041147537974e-02  -1.53434233212388135e-02   3.79032638949756669e-03
  2S       44.998600   3.50584805064462672e-03   1.19312445115743171e+00  -6.44821651049283018e-01   3.40426287146672168e-01  -1.66437343221027934e-01   6.97442783710646580e-02  -1.77849249534053587e-02
  3S       40.035230  -2.94608773236155943e-03   9.01992513016314362e-02  -5.36013299304767377e-01   3.53860707818987763e-01  -2.02012679245921839e-01   8.38811811519492023e-02  -2.29285391925170903e-02
  3S       28.287682   2.87693964488157155e-03  -2.56838080784004170e-03   9.03779975443699701e-01  -2.76953034611707116e-01   1.49659831116077752e-01  -5.56571237879735989e-02   1.76681751229026442e-02
  3S       22.155737  -2.19765447846066589e-03   1.69107303146060080e-03   6.31636191973892869e-01  -1.35218986704309918e+00   7.49749196920379002e-01  -3.27201697532329749e-01   8.06980271630314133e-02
  4S       12.809142  -9.32413107151574823e-04   6.84854884850986576e-04   2.16000033269520041e-03   4.30119387581708104e-02  -8.32707813963436072e-01   4.67824333122370539e-01  -1.35939084217080342e-01
  3S       12.807190   1.31220028980849894e-03  -1.18636803531828338e-03   1.32732049735892368e-03   1.61344933781296107e+00  -9.56647381939519592e-01   4.18895663808468433e-01  -1.03306567184022105e-01
  3S        6.672423   4.20397737321539253e-04  -1.73611214265332204e-04  -2.48552950602170782e-03   3.51320123911584084e-02   1.30241576657871017e+00  -5.17266824285896654e-01   1.46585866166820428e-01
  3S        5.474202  -2.78040786502179642e-04   1.21001399395246912e-04   1.42702399178035958e-03  -1.19416994831062096e-02   4.25866906791730060e-01  -7.98570563623642427e-01   2.28286698325209148e-01
  3S        2.789448   5.71149215781893807e-05  -2.54819673865930851e-05  -2.53228987664228108e-04   6.37064050049295882e-04   6.33070555646357124e-03   1.06111980566298980e+00  -2.99538792956077993e-01
  3S        2.064744  -3.17211327597061995e-05   1.30314452778972037e-05   1.47454436428417346e-04  -3.24715873343259687e-04  -1.61387157641645668e-03   3.28267506851201596e-01  -2.43904422821543149e-01
  3S        0.896377   7.50027055148682669e-06  -2.99641892948681119e-06  -3.45439123322224554e-05   4.19368047534935529e-05   3.28828218873711774e-04  -5.42257091084433988e-03   6.21484348169716760e-01
  3S        0.641591  -3.96421260782454060e-06   1.66921679096692661e-06   1.81195857731451087e-05  -1.93432188860624033e-05   2.34332037755487031e-06  -1.55346448384753913e-03   5.06589330288436779e-01
        P                    2P             3P             4P             5P             6P 
  BASIS/ORB.ENERGY  -6.94004028310605008e+02  -1.74739357405188571e+02  -4.42296553564854946e+01  -9.31623703136298609e+00  -1.11407767887783682e+00
  2P       92.375643  -4.32844555751175138e-03  -1.42231830822583147e-03   4.71805560977238241e-04  -1.20739096341344120e-04   8.78481249499559570e-05
  2P       52.048311  -7.28704490213773814e-01  -3.78955313356521550e-01   1.99610065955650062e-01  -9.80009093246439339e-02   3.72156805083214484e-02
  3P       46.755479  -2.77986699990685149e-01  -2.50539022362545494e-01   1.37148658372357235e-01  -6.51093573166251216e-02   2.57169280509084962e-02
  3P       28.969843  -4.22408720998518686e-02   5.54002030132941581e-01  -3.09044393683331864e-01   1.58422808012207122e-01  -6.08829759568187967e-02
  4P       28.937060   2.55893833746009998e-02   4.24219848234812791e-01  -3.99423618240527856e-01   2.53584152855857670e-01  -9.31906543923375075e-02
  4P       16.155524   1.41082087749612364e-02  -2.98198003918880350e-01   1.00967134953793214e+00  -2.67478050517218402e-01   1.22375343045842355e-01
  3P       15.030526  -1.67350837284962403e-02   4.99095975400343117e-01  -9.11784395698928218e-01   8.00841219389214598e-01  -3.69550624353765622e-01
  3P       11.614807  -3.32283595105419775e-03   1.92976023032308819e-02   9.55061423834430379e-01  -1.81749418556595388e+00   8.04811330963938310e-01
  3P        6.659121   6.80429812432401166e-04  -3.57740543582293034e-03   2.33580894620197266e-02   8.90311192052555822e-01  -2.66504793387239536e-01
  3P        5.292248  -3.46403009214905704e-04   1.50463217111836221e-03  -5.75618513618382163e-03   7.31587100890483621e-01  -7.64095283370152645e-01
  3P        2.433730   3.79454519564864266e-05  -1.38086193475339772e-04   3.13392413795647226e-04   9.15046732635084806e-03   9.96221187352496762e-01
  3P        1.651093  -1.51303368458929323e-05   5.42159644995679423e-05  -1.20860426039172113e-04  -2.55080077678783218e-03   2.83616391478797469e-01
        D                    3D             4D             5D             6D 
  BASIS/ORB.ENERGY  -1.53754843259985591e+02  -3.42310248328644420e+01  -5.33357855892417554e+00  -3.03966843367413753e-01
  3D       63.281438   2.13878919669620391e-03  -7.80787709451344911e-04   4.33922520986550122e-04  -4.55449576055995083e-05
  3D       35.762624   4.37952743385066623e-01  -2.48512309776868556e-01   1.13360068470975933e-01  -3.24101136987627117e-02
  4D       29.732643   4.97758999807370428e-01  -3.22890190331877713e-01   1.57780503867306687e-01  -4.30311037068014240e-02
  4D       20.338402   1.62491969824575228e-01   1.28588185355969428e-02  -4.62777609115557417e-02   3.89715505823531091e-03
  4D       15.629075  -4.28322014827125092e-02   5.81691913404258187e-01  -2.32993518410405082e-01   9.30744899575569745e-02
  4D       12.194421   1.62746139252509248e-02   5.06391089506387004e-01  -5.50239922918789537e-01   1.36829103544154312e-01
  4D        8.106496  -3.70976719277131030e-03   4.11693530336461055e-02   4.86484128044877062e-01  -1.19510034139191854e-01
  4D        5.645416   1.32784066899333127e-03  -5.65712989335091527e-03   7.39630965018427067e-01  -3.65180746362810782e-01
  4D        3.705816  -3.89612130544035660e-04   1.28674659934489236e-03   9.96002524476095885e-02   1.33759100536646608e-01
  4D        2.098537   9.40288071612007265e-05  -2.95856847600556305e-04  -9.25497304535780442e-04   6.63061623273116574e-01
  4D        1.201851  -2.68815734852264421e-05   7.52746099744068520e-05   2.59801568523300636e-04   3.96072626417553031e-01
        F                    4F             5F 
  BASIS/ORB.ENERGY  -2.02950990768073076e+01  -9.68765676344867321e-01
  4F       33.822758   1.67612619326673595e-02  -5.62608593302845947e-03
  4F       20.974594   2.60093936243838086e-01  -1.02396098460046908e-01
  4F       13.682058   5.78947069472126263e-01  -2.02176887532957789e-01
  5F        8.829274  -1.38950425038806752e-01   2.39543132603496467e-01
  4F        8.445016   3.58742781340400385e-01  -1.55704713234525005e-01
  4F        4.983619   2.80397429875230792e-03   5.67985251226767351e-01
  4F        3.134988  -4.38074294002083523e-04   3.69412231558972515e-01
  4F        1.990129   9.22842960007535298e-05   8.09170265960003077e-02
 
