      EINSTEINIUM   [RN]7S(2)5F(11), 4I                                               
      CHARGE = 9.90000000000000000e+01
      SYMMETRY SPECIES               S     P     D     F 
      NUMBER OF BASIS FUNCTIONS     15    12     9     8
      NUMBER OF CLOSED SHELLS        7     5     3     1
      NUMBER OF OPEN SHELLS          0     0     0     1
      OPEN SHELL OCCUPATION NUMBER   0     0     0    11
   E = -3.05449719717986736e+04
   T = 3.05449720158469063e+04     V = -6.10899439876455799e+04     V/T = -1.99999999855792199e+00
  ORBITAL ENERGIES AND EXPANSION COEFFICIENTS
        S                    1S             2S             3S             4S             5S             6S             7S 
  BASIS/ORB.ENERGY  -4.32629489905217724e+03  -7.68470900756837977e+02  -2.01106153415474438e+02  -5.41255710285747327e+01  -1.24468368914580125e+01  -1.80060664514270097e+00  -1.66820315281530990e-01
  1S      113.057181   1.41900499105867051e-01   3.95708965962661419e-02  -1.13944828550310139e-02   6.60931867536518596e-03  -5.66634020027811849e-03   2.03458353565351153e-03  -7.44023838863777718e-04
  1S       95.941596   8.60660600711565582e-01  -4.01337517864602089e-01   1.84756763428668591e-01  -9.81964845328724689e-02   5.27916298643788182e-02  -2.09686245733150430e-02   5.48872743629448458e-03
  2S       79.416372  -3.33868307775323902e-03  -2.56523768511820516e-01   1.46581923651105450e-01  -7.74866342480048098e-02   3.66641479163938994e-02  -1.50484824721869182e-02   3.44999830665967348e-03
  2S       46.420884   3.43929131280369064e-03   1.19696433686501358e+00  -6.47455023124585693e-01   3.43428622244600190e-01  -1.69217769766297571e-01   6.87080660835313606e-02  -1.64758787135417875e-02
  3S       41.383502  -2.92452291036921245e-03   8.68714590433436462e-02  -5.41797335841939010e-01   3.63619055055522999e-01  -2.11512647294283207e-01   8.54249126138058867e-02  -2.25046303871822041e-02
  3S       29.196911   2.91590974027248172e-03  -2.32576031866936787e-03   9.36100231109333492e-01  -3.06998930358200417e-01   1.77355724138177351e-01  -6.64270649860080470e-02   2.07680817606251678e-02
  3S       22.759322  -2.35341480294249100e-03   1.67015697356349252e-03   6.11159921140235651e-01  -1.37696852902234546e+00   7.41847822753856412e-01  -3.10166822320903979e-01   6.97400813960895316e-02
  4S       13.642658  -1.00480783204295984e-03   6.78519725379589118e-04   7.08605896016581069e-03   1.50222960248152321e-01  -9.85053484418879188e-01   5.32552309199027518e-01  -1.48065467074519036e-01
  3S       13.642655   1.49822361618723895e-03  -1.24363729394159298e-03  -8.55470566545788076e-03   1.55051246099517148e+00  -8.37772811816997254e-01   3.44961931720727200e-01  -7.59762006667969447e-02
  3S        7.115866   3.85208589451870129e-04  -1.39847948900117869e-04  -3.10271423419832383e-03   3.85470753385949230e-02   1.20309535615236363e+00  -5.00768490394241761e-01   1.42967755442431621e-01
  3S        5.812747  -2.41119893263226198e-04   9.51825284797534597e-05   1.64268267398445691e-03  -1.20046377781205960e-02   5.36733567126053357e-01  -7.40623846220642146e-01   1.87185972309757115e-01
  3S        2.845530   4.42225383718153201e-05  -1.82583648249333285e-05  -2.49134369699795331e-04   6.45491909693344081e-04   8.07096542612274585e-03   9.77356966579694952e-01  -2.43756373889342043e-01
  3S        2.094916  -2.46088695066502224e-05   9.04168822255217826e-06   1.48551767877238189e-04  -3.85776139956330814e-04  -1.68774565135847501e-03   3.55644238119010081e-01  -2.38342064971975104e-01
  3S         .852686   5.93553698421726107e-06  -2.11094325945724098e-06  -3.54332535387643827e-05   6.66640252373269012e-05   2.81316174817784423e-04  -3.53024573805216756e-03   6.79298133540151006e-01
  3S         .616339  -3.37848915262546349e-06   1.30044316402597739e-06   1.89763470247689461e-05  -2.71104078457979119e-05  -1.48838572440474160e-04   1.00588545026155806e-03   4.30960035050733825e-01
        P                    2P             3P             4P             5P             6P 
  BASIS/ORB.ENERGY  -7.44576653988435851e+02  -1.89237281376269493e+02  -4.84384701489887490e+01  -1.00610238444264741e+01  -1.06332036265754271e+00
  2P       94.620539  -4.44135543422736079e-03  -1.47206776084719501e-03   5.25473599439149944e-04  -1.26974643531227650e-04   7.92451807536507261e-05
  2P       53.578603  -7.33709040644527355e-01  -3.82905103423634596e-01   2.03243802143637853e-01  -1.01029156203521597e-01   3.68232674126918388e-02
  3P       48.286953  -2.70578860632863627e-01  -2.48052538505051989e-01   1.37107021558550340e-01  -6.51384265006174079e-02   2.45331935265495314e-02
  3P       32.337911  -3.65696102526520475e-02   4.17872164128277324e-01  -2.22522022708113471e-01   1.16062766190777975e-01  -4.30308165669018167e-02
  4P       30.388793   1.67994773692369918e-02   5.52303628274638525e-01  -4.51598269001257213e-01   2.88304570411282379e-01  -1.03856019418592682e-01
  4P       17.224036   8.64563768141580168e-03  -1.87908279620845553e-01   8.08747478749691662e-01  -6.45811576381448288e-02   1.46866109765386461e-02
  3P       17.059945  -1.07966140931584267e-02   3.97701840219468528e-01  -8.50238627373385292e-01   6.99320306161950511e-01  -3.04736444982354637e-01
  3P       12.319790  -3.05103924188553826e-03   3.45749363582618513e-02   1.03384441350820699e+00  -1.90758958554558999e+00   8.31585625375393600e-01
  3P        7.027037   5.17754688098151093e-04  -4.45302905465414477e-03   2.72922288253293309e-02   9.31986445962938892e-01  -3.42089851248002952e-01
  3P        5.502393  -2.53395821019048167e-04   1.77341312510260790e-03  -6.14529058106843499e-03   7.01631989684382673e-01  -6.34391410058636973e-01
  3P        2.501660   2.96287107366069564e-05  -1.75647927306155495e-04   3.99854598758516073e-04   1.00191396709989246e-02   8.95530911089527870e-01
  3P        1.703475  -1.20537527705043286e-05   7.49715944036373922e-05  -1.87874300639229451e-04  -2.29798331417648775e-03   3.49618951371548581e-01
        D                    3D             4D             5D 
  BASIS/ORB.ENERGY  -1.67337544880846934e+02  -3.78776533070595747e+01  -5.80723438198903352e+00
  3D       66.137520   1.84736540556830627e-03  -6.71135798766062303e-04   3.90440311070974354e-04
  3D       37.115763   4.34922760606457348e-01  -2.49454847547631919e-01   1.15631242415208529e-01
  4D       30.941761   4.95971739989489013e-01  -3.27354491257553948e-01   1.62868830251713198e-01
  4D       21.376642   1.62276296281968019e-01   1.29920154056379859e-02  -4.52603367009246568e-02
  4D       15.949616  -3.91573727377375613e-02   6.67941402076489998e-01  -2.70138877355556584e-01
  4D       12.583516   1.84084328522774454e-02   4.13693215123368707e-01  -6.01063879224612241e-01
  4D        9.109259  -4.56654019977589549e-03   4.30975004270515646e-02   4.94049521790278279e-01
  4D        6.116274   8.64335913181201159e-04  -1.12040793241535382e-03   7.86713347359691340e-01
  4D        3.995607  -1.75121543532632591e-04   3.69036533801946922e-04   1.23476658019611843e-01
        F                    4F             5F 
  BASIS/ORB.ENERGY  -2.31249341958493453e+01  -8.43027079757879494e-01
  4F       35.378820   1.54793647765289859e-02  -5.27078187025543411e-03
  4F       22.011322   2.56082345896761654e-01  -1.03608082683216862e-01
  4F       14.373323   5.96252485538846022e-01  -2.11956474642669895e-01
  5F        9.446536  -6.97407611271111949e-02   2.47116948094755706e-01
  4F        9.271063   2.76221826785070401e-01  -1.39502258663947332e-01
  4F        5.285284   3.39359951730433453e-03   5.62892629109809195e-01
  4F        3.259830  -2.03604756041947117e-04   3.58759128111512393e-01
  4F        2.025012   1.50786025770329395e-04   9.14459584850812884e-02
