      FERMIUM   [RN]7S(2)5F(12), 3H                                                   
      CHARGE = 1.00000000000000000e+02
      SYMMETRY SPECIES               S     P     D     F 
      NUMBER OF BASIS FUNCTIONS     15    12     9     8
      NUMBER OF CLOSED SHELLS        7     5     3     1
      NUMBER OF OPEN SHELLS          0     0     0     1
      OPEN SHELL OCCUPATION NUMBER   0     0     0    12
   E = -3.12827773816236586e+04
   T = 3.12827774703449977e+04     V = -6.25655548519686563e+04     V/T = -1.99999999716389198e+00
 
  ORBITAL ENERGIES AND EXPANSION COEFFICIENTS
        S                    1S             2S             3S             4S             5S             6S             7S 
  BASIS/ORB.ENERGY  -4.41718593224967390e+03  -7.86078704337454155e+02  -2.06303596592700586e+02  -5.57352167770657303e+01  -1.28177437319519978e+01  -1.83059394271126918e+00  -1.68084602963669894e-01
  1S      114.194993   1.40870007155567439e-01   3.94850358311325395e-02  -1.14126569765052380e-02   6.63805175448118397e-03  -5.75740135798597299e-03   2.07130215762602564e-03  -7.49590330549839844e-04
  1S       96.939536   8.61659739502338429e-01  -4.01218753071533152e-01   1.84939336880710292e-01  -9.85195558491566842e-02   5.32017555724414448e-02  -2.10387424797412390e-02   5.45622607799186622e-03
  2S       80.272446  -3.30096755216981869e-03  -2.56610595685408227e-01   1.46539440248991543e-01  -7.76123120791438748e-02   3.67795297496710458e-02  -1.50029528967043965e-02   3.40072225103704544e-03
  2S       46.871137   3.42338926043032898e-03   1.19870681723030170e+00  -6.48405213404965819e-01   3.44617590969170662e-01  -1.70214130276946679e-01   6.87254579308180513e-02  -1.63074107282528066e-02
  3S       41.840267  -2.92862811516612573e-03   8.44490288029482727e-02  -5.43080080429289125e-01   3.65668452624533180e-01  -2.14042613624329331e-01   8.61217054704430662e-02  -2.24807512005619006e-02
  3S       29.525508   2.93801800101369881e-03  -1.69857691001283249e-03   9.39700652017094407e-01  -3.09079898809839104e-01   1.82503713290558589e-01  -6.86953221809708386e-02   2.12492028122193213e-02
  3S       22.997665  -2.40597956273695896e-03   1.30212464899464469e-03   6.11038629742086892e-01  -1.38835497473142988e+00   7.38963558574181389e-01  -3.05632659180893607e-01   6.75655079293210892e-02
  4S       13.929243  -1.01999191172573640e-03   5.56337378908079022e-04   8.21331550550727894e-03   1.91425934778624351e-01  -1.03764640445081269e+00   5.57222750306786474e-01  -1.52852495056893661e-01
  3S       13.927724   1.55232383063805572e-03  -1.06529110591692226e-03  -1.12401011501569604e-02   1.52091486087230021e+00  -7.88514918035286394e-01   3.17942595667057570e-01  -6.79908242066977198e-02
  3S        7.220250   3.73874110814148932e-04  -9.17056806289681068e-05  -3.16892948880851061e-03   4.01370815704906944e-02   1.21111956822812461e+00  -5.12969158236000422e-01   1.44682658176713441e-01
  3S        5.896912  -2.34410829491916967e-04   6.42044178270890597e-05   1.70415109169938343e-03  -1.30988384547571311e-02   5.29061087663062923e-01  -7.21566435411540419e-01   1.79915817345427220e-01
  3S        2.884439   4.28266091175034247e-05  -1.25125921710383536e-05  -2.60183776168963288e-04   8.34508353021634576e-04   7.60783929067220498e-03   9.69526854689172324e-01  -2.38557816163114417e-01
  3S        2.118890  -2.37631060258882399e-05   6.23070207443019958e-06   1.48096000581617667e-04  -4.32659636852962895e-04  -1.95742391076638832e-03   3.59751637213382935e-01  -2.36641023041800264e-01
  3S        0.860726   5.74619044764694927e-06  -1.47219682200114368e-06  -3.49302970032752986e-05   7.44440392800662677e-05   3.64330723668149334e-04  -3.96190965222692221e-03   6.72680155859846085e-01
  3S        0.620714  -3.26597458391979177e-06   8.57903839090932615e-07   1.98389797580139724e-05  -4.17006259812979831e-05  -1.13232011186186176e-04   7.45299143114769649e-04   4.36412473942606738e-01
        P                    2P             3P             4P             5P             6P 
  BASIS/ORB.ENERGY  -7.61902600224558341e+02  -1.94269014207834203e+02  -4.99489778712712749e+01  -1.03804213748022161e+01  -1.07863794230186572e+00
  2P       95.277198  -4.51224163860437615e-03  -1.50255287703530277e-03   5.45007174807770169e-04  -1.24234590909283205e-04   7.96822632208708543e-05
  2P       54.082634  -7.35431615525588556e-01  -3.84253545822364484e-01   2.04474395379391660e-01  -1.02062744348325241e-01   3.69286230219354611e-02
  3P       48.811191  -2.67467942322237251e-01  -2.46723108649279238e-01   1.36602839497591416e-01  -6.47451585413325870e-02   2.42571634584183397e-02
  3P       33.394546  -3.64404360176755274e-02   3.83599730411114115e-01  -1.99125223490709713e-01   1.04068796869462771e-01  -3.84131677834766636e-02
  4P       30.941803   1.51746542640169013e-02   5.75504748478566364e-01  -4.55024816242160290e-01   2.92574303538312430e-01  -1.04634664348901091e-01
  4P       17.591402   7.68074153740499251e-03  -1.77825323938757857e-01   7.70772839665622600e-01  -2.06243451666389480e-02  -5.74429309680298070e-03
  3P       17.586481  -9.79999054542652487e-03   4.00708964706852411e-01  -8.81906608657862856e-01   7.10557462491808622e-01  -3.06334112382428303e-01
  3P       12.569014  -2.77825567344710134e-03   3.41813535177722602e-02   1.07861183023913476e+00  -1.95397673702378638e+00   8.48083845462452302e-01
  3P        7.131364   4.61730906632888758e-04  -4.32665929319740305e-03   2.83381077270386146e-02   9.45756622640818501e-01  -3.53944089674621543e-01
  3P        5.581213  -2.26943790892481211e-04   1.75186107448602169e-03  -6.73422810956080496e-03   6.89919151694119770e-01  -6.16716233850427842e-01
  3P        2.539015   2.66703951260618274e-05  -1.79028820119716219e-04   4.85859291984719983e-04   9.30337246278993557e-03   8.84829577727016980e-01
  3P        1.726341  -1.10321237928764069e-05   7.24930121175053213e-05  -1.83025020318957038e-04  -2.44429698713932589e-03   3.57534445879210128e-01
        D                    3D             4D             5D 
  BASIS/ORB.ENERGY  -1.72062039997243971e+02  -3.91994686863675241e+01  -6.03135766342081503e+00
  3D       66.970050   1.78904647978812815e-03  -6.49680068596184424e-04   3.77000065969727296e-04
  3D       37.554036   4.34350877209749242e-01  -2.49988992065373311e-01   1.16509025442519967e-01
  4D       31.341249   4.94796261767497525e-01  -3.28320163204477045e-01   1.64136693199477601e-01
  4D       21.738456   1.62408761053915440e-01   1.04230544884436511e-02  -4.24188904294978339e-02
  4D       16.112877  -3.73406353290154300e-02   6.89918877586917612e-01  -2.86200750716027019e-01
  4D       12.720276   1.80651257144526234e-02   3.94325261197276233e-01  -6.08881175598127822e-01
  4D        9.295969  -4.61159948800872552e-03   4.25032904598096964e-02   5.17967423592888165e-01
  4D        6.209658   8.27676415011268252e-04  -1.06144871602303556e-03   7.85838568259253467e-01
  4D        4.043504  -1.64807990358662045e-04   3.31765827131712601e-04   1.18522544010665393e-01
        F                    4F             5F 
  BASIS/ORB.ENERGY  -2.41728490642643798e+01  -8.78093389738358376e-01
  4F       35.941015   1.49428847860448247e-02  -5.15109850717666417e-03
  4F       22.375531   2.53867896302661100e-01  -1.04203306201486171e-01
  4F       14.616611   6.01706530128877537e-01  -2.18176293498780538e-01
  5F        9.609589  -5.40004098501956700e-02   2.48499796433193088e-01
  4F        9.535894   2.57156074555639269e-01  -1.30614639309275832e-01
  4F        5.379614   3.57306240513504889e-03   5.65844083762808925e-01
  4F        3.315605  -1.18635635692023264e-04   3.51402578700239221e-01
  4F        2.061897   1.75274528175901483e-04   8.78651958604499544e-02
 
