      FRANCIUM   [RN]7S(1), 2S                                                        
      CHARGE = 8.70000000000000000e+01
      SYMMETRY SPECIES               S     P     D     F 
      NUMBER OF BASIS FUNCTIONS     15    12     9     6
      NUMBER OF CLOSED SHELLS        6     5     3     1
      NUMBER OF OPEN SHELLS          1     0     0     0
      OPEN SHELL OCCUPATION NUMBER   1     0     0     0
   E = -2.24758585302597494e+04
   T = 2.24758585271502452e+04     V = -4.49517170574099946e+04     V/T = -2.00000000013834844e+00
  ORBITAL ENERGIES AND EXPANSION COEFFICIENTS
        S                    1S             2S             3S             4S             5S             6S             7S 
  BASIS/ORB.ENERGY  -3.30914483981889907e+03  -5.72220464427580850e+02  -1.43106575875528961e+02  -3.56150174435214169e+01  -7.57574793792585854e+00  -1.12730008963312756e+00  -1.17893191210420897e-01
  1S      101.978322   1.04901630289701328e-01   3.01072407727259114e-02  -9.11163043704409786e-03   3.86464082263975398e-03  -3.12335093669247098e-03   9.16288319834732395e-04  -4.53724230456503729e-04
  1S       84.676698   8.96069004004291347e-01  -3.85951208383731426e-01   1.77891495720386622e-01  -8.97664229638353017e-02   4.39668764884739161e-02  -1.67042428269178825e-02   4.22571901842915074e-03
  2S       70.148749  -1.11658111585852433e-03  -2.52358218238382892e-01   1.40538731842148462e-01  -7.39110335447114436e-02   3.31319261992852401e-02  -1.32706864187747114e-02   2.79883388439934816e-03
  2S       40.722793   3.12376511368857518e-03   1.17313659639171841e+00  -6.23872003994212943e-01   3.24747740298189036e-01  -1.49800014197092879e-01   5.89893630749325978e-02  -1.32289593090647323e-02
  3S       36.564250  -2.54753589093375176e-03   1.01546991420881694e-01  -4.91894926158524926e-01   2.98227039511213765e-01  -1.55447364704285662e-01   5.92317387457892350e-02  -1.53441676803662379e-02
  3S       25.685340   2.32799124564469096e-03   1.38528707408689419e-03   6.69709026272999330e-01  -6.04455648672747939e-02   1.03404353832906547e-02   5.04256656979279027e-03   3.12475306475732111e-03
  3S       20.647336  -1.57807988643040784e-03  -1.15409185552906338e-04   7.95572315025890431e-01  -1.35458236143640431e+00   7.39990271782476894e-01  -3.04961834139700239e-01   6.63145530466144606e-02
  4S       10.669335  -5.33383465341535283e-04   2.39644593654409117e-04  -1.73027883366951053e-02  -1.22392051786435141e-01  -4.60392315939848307e-01   2.39356971834550986e-01  -6.81331000139896309e-02
  3S       10.668939   6.89447980246731809e-04  -4.53893994557988292e-04   3.42953998332920368e-02   1.63107263083600018e+00  -1.03703490428293188e+00   4.36854546155629020e-01  -9.69861268345171695e-02
  3S        5.409521   2.51285750482214694e-04  -2.92144385478109827e-05   2.91384508216393449e-03   3.43496771928094580e-02   1.26571625379863506e+00  -4.94813723922565063e-01   1.37024482569693684e-01
  3S        4.319102  -1.68948464709056347e-04   2.65375305424514868e-05  -1.86946082844073060e-03  -1.35415134472575641e-02   3.11934210978306259e-01  -6.07402704458002596e-01   1.39296273257648873e-01
  3S        2.279605   3.93669747028526455e-05  -7.22563141534168212e-06   3.78737331992417745e-04   1.59960405216823275e-03   3.07354663115562681e-03   8.56516908348113670e-01  -2.07229774460235577e-01
  3S        1.670162  -1.84587257553470467e-05   2.97286594437161249e-06  -1.64380292769261791e-04  -7.26728396644374950e-04   4.77691913776770807e-04   4.81366878105531193e-01  -2.15385998643777277e-01
  3S         .557011   2.05446297230738563e-06  -3.36546986379036714e-07   1.73767961722904538e-05   6.51715064836584835e-05  -3.80708029322342908e-05   4.39789499992704520e-04   1.04921847846020411e+00
  3S         .310522  -9.70982277399155466e-07   1.59558034499561791e-07  -8.15728503948652245e-06  -2.98942785781909808e-05   1.47542644817637448e-05   1.94274542567031237e-04   1.51920993236434390e-02
        P                    2P             3P             4P             5P             6P 
  BASIS/ORB.ENERGY  -5.51701972589934826e+02  -1.33195190147279078e+02  -3.10907932709432195e+01  -5.83419983010463739e+00  -6.28528063077287702e-01
  2P       81.894857  -5.72126853310166595e-03  -1.79664426549052889e-03   5.70946253969707262e-04  -1.59816437339386185e-04   9.40369288729479244e-05
  2P       46.267422  -7.53318498395326386e-01  -3.88163334758404810e-01   1.98734462491110403e-01  -9.04107716811844431e-02   3.16656904727179306e-02
  3P       41.274041  -2.58157499920608990e-01  -2.50498284765215184e-01   1.34606477534455149e-01  -5.97603177156785029e-02   2.17415865373413904e-02
  3P       24.715008  -3.01823510374332020e-02   7.52826078039065316e-01  -4.55620595370819226e-01   2.20276033168476715e-01  -7.81651278152883516e-02
  4P       24.713525   1.92317487678603551e-02   3.09302707175435343e-01  -3.66768382962463724e-01   2.22084085929724229e-01  -7.48024865234455799e-02
  4P       13.785538   7.56811446140052881e-03  -1.17406203548955895e-01   6.43754759566965484e-01  -8.34353682517631201e-02   4.64676424780634811e-02
  3P       13.784914  -9.53215973927157290e-03   2.51557591689500204e-01  -2.87774865755829168e-01   2.43942166001123006e-01  -1.11715495810482887e-01
  3P        9.739078  -2.67078249161094424e-03   2.25089515150877981e-02   8.07419130867398027e-01  -1.29209270828244494e+00   5.00192573020863174e-01
  3P        5.219959   4.92766671998849746e-04  -2.89160314540248299e-03   1.78551080239289610e-02   9.29419289145564265e-01  -2.64816927886544984e-01
  3P        4.136671  -2.79493692936923026e-04   1.35325690894914788e-03  -5.45121485955654683e-03   5.34621126335278696e-01  -5.78019727528981897e-01
  3P        1.942765   3.82215018205492383e-05  -1.53854968886460734e-04   3.80104683497272267e-04   9.85628860470999339e-03   8.18668361267430145e-01
  3P        1.331098  -1.58871306503410560e-05   6.19191662422287922e-05  -1.57766777787823371e-04  -2.14505894117274654e-03   4.22247975433126421e-01
        D                    3D             4D             5D 
  BASIS/ORB.ENERGY  -1.14925554215658991e+02  -2.27491307396131326e+01  -2.80826641055371873e+00
  3D       53.149130   4.48584811488922115e-03  -1.78581083912252134e-03   8.04541255565461894e-04
  3D       31.255929   4.66271035591621474e-01  -2.54319711810877924e-01   1.03345154128184638e-01
  4D       25.782513   4.95274348473225878e-01  -3.05896875904962784e-01   1.32546353767367925e-01
  4D       17.066339   1.36116049046692666e-01   1.06045789469742011e-01  -8.63401256926518562e-02
  4D       13.175203  -4.30259955513667136e-02   5.54846396316975188e-01  -2.00402816814106877e-01
  4D       10.104259   1.55621047351778442e-02   4.55994678266932685e-01  -4.14784773027780607e-01
  4D        6.779322  -3.34007408696912218e-03   3.75485448652794832e-02   3.68282330923114853e-01
  4D        4.560110   9.54588531171650313e-04  -3.12195313846331396e-03   7.45439620410765502e-01
  4D        2.969156  -1.89810213014719660e-04   3.27114118876587162e-04   1.50918068679056855e-01
        F                    4F 
  BASIS/ORB.ENERGY  -1.12537118625187542e+01
  4F       29.655976   1.88664677987080108e-02
  4F       18.197881   2.48837374400729394e-01
  4F       12.033467   4.75317672180163797e-01
  5F        7.920612  -2.87200991513639314e-01
  4F        7.290968   6.28935108679400834e-01
  4F        4.727672   5.42660197555406947e-03
