      LAWRENCIUM   [RN]7S(2)6D(1)5F(14), 2D                                           
      CHARGE = 1.03000000000000000e+02
      SYMMETRY SPECIES               S     P     D     F 
      NUMBER OF BASIS FUNCTIONS     15    12    11     8
      NUMBER OF CLOSED SHELLS        7     5     3     2
      NUMBER OF OPEN SHELLS          0     0     1     0
      OPEN SHELL OCCUPATION NUMBER   0     0     1     0
   E = -3.35579501422503308e+04
   T = 3.35579499350271872e+04     V = -6.71159000772775180e+04     V/T = -2.00000000617508356e+00
  ORBITAL ENERGIES AND EXPANSION COEFFICIENTS
        S                    1S             2S             3S             4S             5S             6S             7S 
  BASIS/ORB.ENERGY  -4.69580454444642874e+03  -8.40363060721099146e+02  -2.22548822382055988e+02  -6.09427309270893502e+01  -1.41998569990243499e+01  -2.06465413389215602e+00  -1.83242356642983023e-01
  1S      117.771093   1.34889852764496138e-01   3.86738722591026540e-02  -1.16101977635693441e-02   6.76401437635071583e-03  -5.98777708302154158e-03   2.17274233088078422e-03  -7.22749930741068271e-04
  1S       99.975056   8.67475662536346448e-01  -4.00006924971574418e-01   1.85557267284862104e-01  -9.94584740778297893e-02   5.43952168148459439e-02  -2.17567326844388259e-02   5.72923228182115052e-03
  2S       82.875749  -3.10704706153677474e-03  -2.57080384421505825e-01   1.45940731800479923e-01  -7.77407189434561607e-02   3.70899918679310145e-02  -1.53269071484412166e-02   3.68872317578704343e-03
  2S       48.243474   3.38499238577748447e-03   1.20223562610559043e+00  -6.48968670247199730e-01   3.46909384393754350e-01  -1.72831028789981800e-01   7.06503122817852963e-02  -1.75249100373524591e-02
  3S       43.330365  -2.92830550763939056e-03   7.87865931335739872e-02  -5.41336386427944904e-01   3.66815034688606711e-01  -2.18546878047533588e-01   8.90414124975491272e-02  -2.35866455549781986e-02
  3S       30.477612   3.01509913757621933e-03   2.95827020304972085e-04   9.34208228966224685e-01  -2.92319270078062632e-01   1.84333044740797786e-01  -7.06669448867811439e-02   2.12448499516627136e-02
  3S       23.820947  -2.58121372984891065e-03   2.27785830351639567e-04   6.16113452438420195e-01  -1.42538305515621855e+00   7.32443841858870570e-01  -3.02957782501777295e-01   7.09853620854904305e-02
  4S       14.780478  -1.04704246512662275e-03   2.39679121489621308e-04   8.58677684169531497e-03   3.18582270254641586e-01  -1.18988401065819605e+00   6.41155873578254876e-01  -1.76479140396335638e-01
  3S       14.778913   1.68565949878807719e-03  -5.65086428137714643e-04  -1.32689956218248403e-02   1.41418073848546100e+00  -6.33021991068111189e-01   2.44026192384808188e-01  -5.35745899615377025e-02
  3S        7.443722   3.47272802654261935e-04   8.68863663323572961e-06  -2.84987210690594746e-03   4.71119221677853417e-02   1.32411133954373295e+00  -5.92848059828499641e-01   1.62466853171477660e-01
  3S        6.074548  -2.27686492203885941e-04   3.06613015133889234e-06   1.57849599179043674e-03  -1.77270005999840968e-02   4.10163885219066771e-01  -6.78770070103880907e-01   1.85412443877903205e-01
  3S        3.060811   4.65565931064492274e-05  -2.39289177184952862e-06  -2.63452997538690822e-04   1.63765324513779741e-03   7.70359327252804430e-03   9.96863738045990933e-01  -2.63928620382408607e-01
  3S        2.252852  -2.57376539531680804e-05   7.86738950124578607e-07   1.49313054997186911e-04  -8.50462200967559505e-04  -1.57608049550318134e-03   3.54966914824755231e-01  -2.42996840784869717e-01
  3S        0.959509   5.93025373643992995e-06  -1.80999991572317147e-07  -3.34237336942726628e-05   1.58971945518882637e-04   2.55246948956740812e-04  -2.46829022416606000e-03   6.09387413640503528e-01
  3S        0.673296  -3.10632731050259375e-06   9.54074633668300383e-08   1.73913741057544993e-05  -8.01097574987322123e-05  -1.33630806239960081e-04  -6.07191195315150783e-06   5.11918739199345607e-01
        P                    2P             3P             4P             5P             6P 
  BASIS/ORB.ENERGY  -8.15337897607490845e+02  -2.10013868042667326e+02  -5.48568749377139611e+01  -1.16025091990415934e+01  -1.24730171416774516e+00
  2P       96.977915  -4.83627742512749911e-03  -1.63650395064150571e-03   6.20992035781940351e-04  -1.33398875531613503e-04   1.04116671192740375e-04
  2P       55.479157  -7.43948744143444030e-01  -3.90040573199025797e-01   2.09069184347262044e-01  -1.05776426037092294e-01   3.88580035873248436e-02
  3P       50.301898  -2.54386962175577713e-01  -2.42806100231088173e-01   1.35004112209119731e-01  -6.37883760076461970e-02   2.47532033192845169e-02
  3P       36.356365  -3.69891506507070977e-02   3.12458913914915759e-01  -1.49965382565253297e-01   7.85969147614032915e-02  -2.97977296969208737e-02
  4P       32.536565   1.14068094880195332e-02   6.15103670040830774e-01  -4.50924113908100166e-01   2.96269997793104423e-01  -1.05705793134889550e-01
  4P       18.618274   6.26643931492458332e-03  -1.93969509553528568e-01   7.62751762960570012e-01   1.56890426652399641e-02  -1.61305673083394149e-02
  3P       18.581159  -8.09605573492002892e-03   4.50544682970337118e-01  -1.03761420784051683e+00   8.09711417537231193e-01  -3.55155373662011664e-01
  3P       13.274625  -2.16189186520330352e-03   3.44072758424978017e-02   1.18039566464745893e+00  -2.07551505851815365e+00   9.10631420548776549e-01
  3P        7.476445   3.52840887169635325e-04  -4.36578929785975088e-03   3.25353195871532913e-02   9.50762646596636896e-01  -3.52460537146290054e-01
  3P        5.884212  -1.78417783494304967e-04   1.81111441082423700e-03  -8.17102275179167579e-03   6.93827100289287624e-01  -6.48198649149223760e-01
  3P        2.671872   2.01881558824768117e-05  -1.78043891623389747e-04   5.58882551502118733e-04   9.05914061251301451e-03   9.43792933989488714e-01
  3P        1.800258  -8.26517363129721945e-06   7.16335642545239880e-05  -2.17623497110900363e-04  -2.01307860589690617e-03   3.09131476854956011e-01
        D                    3D             4D             5D             6D 
  BASIS/ORB.ENERGY  -1.86878662451301977e+02  -4.35372224044188911e+01  -6.95180359507575396e+00  -2.67365794420180825e-01
  3D       68.265620   1.73171346649625304e-03  -6.37693127956891876e-04   3.64258009314770317e-04   1.04891933419726883e-05
  3D       39.089308   4.24050225877049158e-01  -2.46441585055016177e-01   1.17172164013857091e-01  -2.83120754619059604e-02
  4D       32.844237   4.82121746326912404e-01  -3.23093940632310228e-01   1.64226522667040437e-01  -3.69710275795978385e-02
  4D       23.518016   1.75336431816635774e-01  -3.88398835206186163e-02  -6.83670257156232097e-03  -6.62510742980649322e-03
  4D       17.207131  -2.07372744049797060e-02   6.56079251636276450e-01  -3.09683943898123593e-01   9.78933750553878240e-02
  4D       13.500854   9.16016679359961047e-03   4.72468982686635508e-01  -5.81189045231861656e-01   1.24886558680825765e-01
  4D        9.062463  -2.09175301195137307e-03   3.48298597644340832e-02   6.25623636589827004e-01  -1.52557692394124644e-01
  4D        6.166057   5.39186169126939108e-04  -3.18349731029888856e-03   6.95455751133085109e-01  -2.70823636234973131e-01
  4D        3.792907  -1.60435392921907526e-04   8.57904598920582661e-04   5.73221561369898630e-02   1.63380733668388012e-01
  4D        2.132066   4.42989730291361072e-05  -2.20066913056944359e-04  -1.91669774125803865e-03   6.16952128082943307e-01
  4D        1.176556  -1.23639494348841566e-05   5.87346886277105630e-05   5.14020265847110833e-04   4.17393934597164729e-01
        F                    4F             5F 
  BASIS/ORB.ENERGY  -2.76838106017356509e+01  -1.24825439268613558e+00
  4F       37.777105   1.30701449534798390e-02  -4.69584509843341564e-03
  4F       23.538779   2.44074110364024849e-01  -1.05604108042393008e-01
  4F       15.418134   6.11641954403938981e-01  -2.36883796094215837e-01
  5F       10.187920  -5.52945002730992966e-02   2.69798285649677894e-01
  4F       10.098580   2.56688166277212249e-01  -1.37361910797124648e-01
  4F        5.745369   2.93391145164218848e-03   5.82507606526665001e-01
  4F        3.590150  -4.24261394607305215e-04   3.33506879532451783e-01
  4F        2.284609   8.74446553250986009e-05   6.59975107029885655e-02
