      MENDELEVIUM   [RN]7S(2)5F(13), 2F                                               
      CHARGE = 1.01000000000000000e+02
      SYMMETRY SPECIES               S     P     D     F 
      NUMBER OF BASIS FUNCTIONS     15    12     9     8
      NUMBER OF CLOSED SHELLS        7     5     3     1
      NUMBER OF OPEN SHELLS          0     0     0     1
      OPEN SHELL OCCUPATION NUMBER   0     0     0    13
   E = -3.20309327475652935e+04
   T = 3.20309328217778821e+04     V = -6.40618655693431792e+04     V/T = -1.99999999768309644e+00
 
  ORBITAL ENERGIES AND EXPANSION COEFFICIENTS
        S                    1S             2S             3S             4S             5S             6S             7S 
  BASIS/ORB.ENERGY  -4.50902204077529768e+03  -8.03881714001838645e+02  -2.11559650193195779e+02  -5.73582280134372624e+01  -1.31869517172009338e+01  -1.85916121949642021e+00  -1.69293454702348301e-01
  1S      115.391891   1.38700712183248587e-01   3.93326334552201728e-02  -1.14801660726029445e-02   6.72104756550238793e-03  -5.85699008472620897e-03   2.08108881141407746e-03  -7.45257186532343320e-04
  1S       97.954198   8.63762056849375681e-01  -4.00950528966448116e-01   1.85142092974722672e-01  -9.88844685703467868e-02   5.36102337216806321e-02  -2.10991128275559471e-02   5.44999976921349983e-03
  2S       81.129010  -3.21838231006649125e-03  -2.56881332322003497e-01   1.46498377067095426e-01  -7.76936035450831314e-02   3.68826670777613330e-02  -1.50160162383179818e-02   3.39924663978040083e-03
  2S       47.332097   3.40189184339489319e-03   1.19996643191195984e+00  -6.48870558864991454e-01   3.45441882464093353e-01  -1.71041833568911478e-01   6.88606987599732212e-02  -1.63024356959117628e-02
  3S       42.320127  -2.92231057556365578e-03   8.26890684309532498e-02  -5.43195087975820057e-01   3.67074341352693789e-01  -2.16078167804382132e-01   8.65426172540839228e-02  -2.25023399849354454e-02
  3S       29.834074   2.95659214947409073e-03  -1.16405615799050947e-03   9.43037855134147618e-01  -3.10207316185707849e-01   1.86773489504663964e-01  -6.99399480420091202e-02   2.14902951077652338e-02
  3S       23.236958  -2.46542747656541914e-03   1.02005684676073085e-03   6.09194027456482545e-01  -1.39937505630938919e+00   7.36122375760518866e-01  -3.02953494029963188e-01   6.65711393201582347e-02
  4S       14.207334  -1.04226060099583398e-03   4.68106869025389715e-04   9.07357330943061799e-03   2.28170562653461612e-01  -1.08762987877764794e+00   5.78655912240701342e-01  -1.57554167317801475e-01
  3S       14.206628   1.61153616075331886e-03  -9.35535472224845090e-04  -1.33152595800990359e-02   1.49448554097173014e+00  -7.43087042720480428e-01   2.95119270066687922e-01  -6.19348546025883170e-02
  3S        7.354132   3.70300161502671590e-04  -6.04676856439654881e-05  -3.19891717011627080e-03   4.23534553844370498e-02   1.18411188608591966e+00  -4.96932245562283881e-01   1.39495727020732180e-01
  3S        6.016394  -2.31040183102011780e-04   4.49737144226482151e-05   1.70088736614885027e-03  -1.39330271268305987e-02   5.57194417366590811e-01  -7.28339031946251936e-01   1.81377466794514747e-01
  3S        2.915143   4.07517929586114080e-05  -8.87569440156360293e-06  -2.47552625540740521e-04   8.98443575665140628e-04   8.31402125137306776e-03   9.65812249082689034e-01  -2.37390627405802301e-01
  3S        2.137287  -2.27294631786496013e-05   4.29515339126048634e-06   1.42267787551022537e-04  -4.79205057872928309e-04  -2.00153246727616035e-03   3.56290340582738008e-01  -2.33111326605777464e-01
  3S        0.868222   5.55182568133012032e-06  -1.02347377764539494e-06  -3.38824890496168145e-05   8.77205441233307366e-05   3.52054996283118152e-04  -3.24492444155142622e-03   6.68573109488324935e-01
  3S        0.624338  -3.14874931570646813e-06   5.95324639314842100e-07   1.90691180747308262e-05  -4.74299371433829108e-05  -1.62138380595801414e-04   1.18496358898689683e-03   4.39639296645725819e-01
        P                    2P             3P             4P             5P             6P 
  BASIS/ORB.ENERGY  -7.79423648949958078e+02  -1.99358951998872158e+02  -5.14725186941254762e+01  -1.06982531180781297e+01  -1.09286296041135400e+00
  2P       95.948792  -4.57758514406284532e-03  -1.54020138667707160e-03   5.64439941889962856e-04  -1.28617773269467642e-04   8.36083180297479391e-05
  2P       54.581376  -7.37314818271995853e-01  -3.85634529529609360e-01   2.05726370753122861e-01  -1.03088091565244164e-01   3.71155753966139479e-02
  3P       49.331192  -2.64118425615977703e-01  -2.45813661499592578e-01   1.36189010860671256e-01  -6.45550491197894177e-02   2.41365010779068939e-02
  3P       34.497757  -3.63814015817806452e-02   3.53254578249866114e-01  -1.78860809096281770e-01   9.33084699973751597e-02  -3.43601728709489254e-02
  4P       31.491063   1.33857834503278844e-02   5.96511165674874388e-01  -4.58304306930975125e-01   2.94981119468562925e-01  -1.04803925351708127e-01
  4P       17.908716   6.95589625803215861e-03  -1.82839318221676678e-01   7.73791424280974582e-01  -1.50064356996902782e-02  -8.70005851909532064e-03
  3P       17.907648  -8.88692695246465388e-03   4.15554833230098564e-01  -9.29784005888924403e-01   7.44918174684663592e-01  -3.18812054527902067e-01
  3P       12.793148  -2.49857537546665544e-03   3.48497858941325192e-02   1.10381541214710222e+00  -1.99113562407281597e+00   8.61120533940611388e-01
  3P        7.268828   4.06790414328493362e-04  -4.37318958241231671e-03   2.93366570327559355e-02   9.43497113638030793e-01  -3.57366249122153812e-01
  3P        5.674396  -1.98174147908594949e-04   1.74460883461628876e-03  -6.75856677920618886e-03   6.97864164919736907e-01  -6.08828619921840342e-01
  3P        2.570074   2.32074938431618967e-05  -1.78320176262794413e-04   4.89633230934389077e-04   9.52420794766822669e-03   8.78141735828015801e-01
  3P        1.744131  -9.63310512045789000e-06   7.29758395479482497e-05  -1.92061947813866851e-04  -2.28000196963836204e-03   3.60087813210969498e-01
        D                    3D             4D             5D 
  BASIS/ORB.ENERGY  -1.76843974664524922e+02  -4.05337154699088558e+01  -6.25440789056335955e+00
  3D       67.396992   1.80176130697107381e-03  -6.55063240864558333e-04   3.82396407860269717e-04
  3D       37.977966   4.34090189485679512e-01  -2.50719957768146706e-01   1.17505837687063880e-01
  4D       31.739815   4.92993876372606332e-01  -3.28655349507774641e-01   1.65330232114853426e-01
  4D       22.096008   1.63425942318863898e-01   5.81341645185466487e-03  -3.98261401869463572e-02
  4D       16.329719  -3.64882453813892005e-02   6.98335657888723649e-01  -2.89488992709088400e-01
  4D       12.928930   1.80168810596173477e-02   3.87887887303053569e-01  -6.23904199397659509e-01
  4D        9.503720  -4.61410229769069861e-03   4.42787045955408340e-02   5.28393872192522651e-01
  4D        6.324569   7.79268395613676645e-04  -9.00913603702921894e-04   7.88667112512776436e-01
  4D        4.112831  -1.58137495812348406e-04   3.57475817329969982e-04   1.17901478107263299e-01
        F                    4F             5F 
  BASIS/ORB.ENERGY  -2.52325944154622768e+01  -9.17827439872403783e-01
  4F       36.511074   1.43952713234558761e-02  -5.00840249264363283e-03
  4F       22.750806   2.50904894231305686e-01  -1.04513907331917594e-01
  4F       14.880176   6.04243478803219825e-01  -2.21897094418977869e-01
  5F        9.847647  -4.18245510064348194e-02   2.48834140418538158e-01
  4F        9.835102   2.45301702627789886e-01  -1.31983787908421385e-01
  4F        5.518981   3.62922715686219951e-03   5.67057550502874541e-01
  4F        3.405016   4.78879304403201993e-05   3.50362854007591873e-01
  4F        2.116027   1.91004437191906798e-04   8.80302830563775701e-02
 
