      NOBELIUM   [RN]7S(2)5F(14), 1S                                                  
      CHARGE = 1.02000000000000000e+02
      SYMMETRY SPECIES               S     P     D     F 
      NUMBER OF BASIS FUNCTIONS     15    12     9     8
      NUMBER OF CLOSED SHELLS        7     5     3     2
      NUMBER OF OPEN SHELLS          0     0     0     0
      OPEN SHELL OCCUPATION NUMBER   0     0     0     0
   E = -3.27895119147661462e+04
   T = 3.27895116657677645e+04     V = -6.55790235805339180e+04     V/T = -2.00000000759384244e+00
  ORBITAL ENERGIES AND EXPANSION COEFFICIENTS
        S                    1S             2S             3S             4S             5S             6S             7S 
  BASIS/ORB.ENERGY  -4.60180246654278017e+03  -8.21879136236164527e+02  -2.16873527459984729e+02  -5.89939617957332061e+01  -1.35540259196658877e+01  -1.88621529941024835e+00  -1.70456518546478031e-01
  1S      116.592615   1.36467592555062134e-01   3.93215385214241153e-02  -1.15945205472167516e-02   6.81904978251378271e-03  -5.91688582534859522e-03   2.07511475334489067e-03  -7.37458571650273422e-04
  1S       98.971720   8.65913931325561936e-01  -4.00850056294392965e-01   1.85396136940172679e-01  -9.92592673536389775e-02   5.39525279452870224e-02  -2.11187437399578681e-02   5.42847682162277915e-03
  2S       81.969966  -3.11338759286774016e-03  -2.57328183952573841e-01   1.46615104708331417e-01  -7.78694588343065430e-02   3.70767666979803234e-02  -1.50524599272728477e-02   3.39743293609385362e-03
  2S       47.801013   3.36714331406373244e-03   1.20116358830799608e+00  -6.49459091033090297e-01   3.46348589471442758e-01  -1.71974945947621943e-01   6.89824671572783210e-02  -1.62703658790430521e-02
  3S       42.780237  -2.90626953961278149e-03   8.14266610290521609e-02  -5.44867854323515144e-01   3.69424253293231308e-01  -2.18312799514771866e-01   8.69743263080257900e-02  -2.25072908442792534e-02
  3S       30.158811   2.95623451070028357e-03  -9.85000551506433385e-04   9.47411985824952785e-01  -3.13584350027689751e-01   1.91035052683448420e-01  -7.11190922090972899e-02   2.16897328809143031e-02
  3S       23.466434  -2.50088305204154877e-03   9.49680575045840645e-04   6.08422997707127267e-01  -1.41013834816740302e+00   7.35250005281141816e-01  -3.00897025523781059e-01   6.56490840372231238e-02
  4S       14.471178  -1.05889901434280112e-03   4.55140707329131501e-04   1.04447599219169990e-02   2.55199829584986382e-01  -1.12963553030022767e+00   5.96493305252763228e-01  -1.61217985178005535e-01
  3S       14.467021   1.65981916825455990e-03  -9.20365047318034827e-04  -1.64161788555797217e-02   1.47833367224476619e+00  -7.08460372192061150e-01   2.77078679663190441e-01  -5.69931177250622839e-02
  3S        7.485979   3.61302033535191420e-04  -5.45280844319324034e-05  -3.31388561091654470e-03   4.42524476087739552e-02   1.17104255943762081e+00  -4.94186716003814863e-01   1.37693355022676406e-01
  3S        6.115088  -2.23296082235299026e-04   4.09266521328700174e-05   1.74522587862808933e-03  -1.45964567538816922e-02   5.73576362091278935e-01  -7.23701050946815583e-01   1.79550954964702830e-01
  3S        2.946806   3.89564134175591359e-05  -8.12526090284111959e-06  -2.50826347507199720e-04   9.99106122064165889e-04   8.27306454946468567e-03   9.61381796781370479e-01  -2.35390643820103912e-01
  3S        2.155517  -2.17898538097344555e-05   3.99567691687967615e-06   1.43727830713278888e-04  -5.33697638255270761e-04  -1.87013305454204509e-03   3.54926676335330871e-01  -2.30447424127337958e-01
  3S         .876639   5.38487704042160857e-06  -9.71863252551808997e-07  -3.45674931226129029e-05   1.02570279862052832e-04   3.17152025849862414e-04  -2.89508944879821690e-03   6.59920701159674050e-01
  3S         .629030  -3.04710223233625732e-06   5.47159503004601699e-07   1.95100608315068591e-05  -5.61398906784027485e-05  -1.67998977426031537e-04   1.45029498814275293e-03   4.47553942595290910e-01
        P                    2P             3P             4P             5P             6P 
  BASIS/ORB.ENERGY  -7.97139013697805694e+02  -2.04506309248632732e+02  -5.30084504232346774e+01  -1.10140820337915155e+01  -1.10593922755150431e+00
  2P       96.397692  -4.73385513757880634e-03  -1.61785460190590332e-03   5.94165474354052038e-04  -1.55558295739994103e-04   1.00298999400284542e-04
  2P       55.002426  -7.41517637831343057e-01  -3.88238448767962763e-01   2.07659810465186695e-01  -1.04362941335516879e-01   3.73331513217269734e-02
  3P       49.802487  -2.57897156637855784e-01  -2.45031536866910676e-01   1.35546886132438926e-01  -6.46260110335316051e-02   2.41937530315962969e-02
  3P       35.839240  -3.62544135275316773e-02   3.22976504712034651e-01  -1.59540571114965612e-01   8.21624665938057303e-02  -3.01667924793957952e-02
  4P       32.064262   1.09512328791250297e-02   6.21158755829793296e-01  -4.64510665409764101e-01   2.94138819125697615e-01  -1.03021279947403024e-01
  4P       18.129395   6.11973446859298640e-03  -2.02721269161913464e-01   8.34287819373520811e-01  -7.02978599122918713e-02   1.62567610778056731e-02
  3P       18.025153  -7.60533295670073970e-03   4.39959023458474929e-01  -9.82693726635247677e-01   7.99814419404689114e-01  -3.40416782952261854e-01
  3P       12.950104  -2.18570947486549554e-03   3.82716755510923781e-02   1.08417954477566680e+00  -1.99810892664204487e+00   8.57975334371412712e-01
  3P        7.458310   3.55563299991658939e-04  -4.93742234084060868e-03   2.87858477554969218e-02   9.28022550591719897e-01  -3.51383118734460820e-01
  3P        5.783785  -1.66728138191307593e-04   1.90655122660520122e-03  -5.93069353318098191e-03   7.29465185507878311e-01  -6.12222907761054480e-01
  3P        2.597180   1.92690050077847596e-05  -1.96446836853534355e-04   4.32102517265135094e-04   9.63898363573377145e-03   8.72728915159625362e-01
  3P        1.759335  -8.09006086051368457e-06   8.08993627991525492e-05  -1.69631178765907624e-04  -2.23409379334014091e-03   3.60451078754295218e-01
        D                    3D             4D             5D 
  BASIS/ORB.ENERGY  -1.81682562908748508e+02  -4.18797442982051749e+01  -6.47595015081313630e+00
  3D       67.827414   1.80339258096328054e-03  -6.54960865687997419e-04   3.87467680983779304e-04
  3D       38.426897   4.32922506239014071e-01  -2.50893197111963562e-01   1.18171522493015616e-01
  4D       32.165816   4.90742981834075442e-01  -3.28464022380105858e-01   1.66227543319650312e-01
  4D       22.509172   1.65490886679381222e-01  -2.64618587140024938e-03  -3.51179680505218778e-02
  4D       16.602324  -3.47585315253251328e-02   6.96862817364256038e-01  -2.87837888219169835e-01
  4D       13.180192   1.71925020507756876e-02   3.94616790846568033e-01  -6.36381678980819210e-01
  4D        9.669792  -4.31854025307270347e-03   4.56964881277915416e-02   5.33672385744710209e-01
  4D        6.431985   7.12685753534484170e-04  -9.08366215046483628e-04   7.88196699636148912e-01
  4D        4.179803  -1.47767967815251589e-04   3.85991156738402230e-04   1.16912266557526123e-01
        F                    4F             5F 
  BASIS/ORB.ENERGY  -2.63035490214309888e+01  -9.63448406759846665e-01
  4F       37.081617   1.38843636877302862e-02  -4.85410679181358471e-03
  4F       23.121378   2.48487015279145906e-01  -1.04391802627833222e-01
  4F       15.134123   6.08324702215455204e-01  -2.26061279920731217e-01
  5F       10.033310  -3.99879586987902727e-02   2.54453652524002871e-01
  4F       10.032716   2.41537013336810991e-01  -1.31505229469496832e-01
  4F        5.628460   2.82197589386768690e-03   5.69208059345929218e-01
  4F        3.475147  -3.65102763391983594e-04   3.45578745580427560e-01
  4F        2.163825   7.42452375286533944e-05   8.57519496241265777e-02
