      NEPTUNIUM   [RN]7S(2)6D(1)5F(4), 6L                                             
      CHARGE = 9.30000000000000000e+01
      SYMMETRY SPECIES               S     P     D     F 
      NUMBER OF BASIS FUNCTIONS     15    12    11     8
      NUMBER OF CLOSED SHELLS        7     5     3     1
      NUMBER OF OPEN SHELLS          0     0     1     1
      OPEN SHELL OCCUPATION NUMBER   0     0     1     4
   E = -2.63314552129721560e+04
   T = 2.63314551847513285e+04     V = -5.26629103977234845e+04     V/T = -2.00000000107175335e+00
 
  ORBITAL ENERGIES AND EXPANSION COEFFICIENTS
        S                    1S             2S             3S             4S             5S             6S             7S 
  BASIS/ORB.ENERGY  -3.80104722185254332e+03  -6.67191344831400556e+02  -1.71432239350347089e+02  -4.50174758651565909e+01  -1.04292803241898842e+01  -1.71383790256332280e+00  -1.66535743820277193e-01
  1S      106.891398   1.34391768239102927e-01   3.68099733889495490e-02  -1.05429992281690903e-02   5.61711099458588568e-03  -4.51165694303889541e-03   1.55563729204930023e-03  -5.70342621573868705e-04
  1S       90.150737   8.67897668290784963e-01  -3.97003993608614325e-01   1.82185485436780426e-01  -9.48454257786582461e-02   4.92015157873219797e-02  -2.02624647448882457e-02   5.65411872026687096e-03
  2S       74.606109  -2.93398585393784802e-03  -2.54620789614236842e-01   1.44744016640485057e-01  -7.60573850932348139e-02   3.56474548984647074e-02  -1.53949539517772276e-02   3.97338560303286698e-03
  2S       43.599769   3.41931884271820963e-03   1.18679618327941627e+00  -6.38998501273592590e-01   3.35520510716293074e-01  -1.62423386270561382e-01   6.90803403269847210e-02  -1.82891398131387189e-02
  3S       38.823091  -2.83548704813823323e-03   9.53575507460977662e-02  -5.23877277393507756e-01   3.38969792304416817e-01  -1.88232016040479982e-01   7.83465213948516676e-02  -2.20061740660885651e-02
  3S       27.355986   2.72722746928017986e-03  -2.43113333022927126e-03   8.49762609725717599e-01  -2.24289131616639464e-01   1.07228310977501892e-01  -3.56451263212838113e-02   1.21272740736727471e-02
  3S       21.621181  -1.99394121365713706e-03   1.68428086432478863e-03   6.64131277978286971e-01  -1.33646602245173285e+00   7.57724881679625817e-01  -3.39491818999249850e-01   8.82788402786667814e-02
  4S       11.948682  -8.40395847240324955e-04   7.11686127973479798e-04  -4.77713133122450659e-03  -8.28039643714856138e-02  -6.67488493870021515e-01   3.78259462761408538e-01  -1.14072730146585324e-01
  3S       11.945786   1.09354473315927386e-03  -1.15005853134513654e-03   1.38205080965265840e-02   1.68292766850565978e+00  -1.07673625286805774e+00   4.89162915884102545e-01  -1.28263758428490110e-01
  3S        6.351323   4.42446874399395702e-04  -2.31694805442510791e-04  -7.68380368850172992e-04   3.66768789023691616e-02   1.23686241463537727e+00  -4.23517408036640564e-01   1.19039744107623136e-01
  3S        5.241219  -2.90795812189171220e-04   1.62761477308580744e-04   3.10147756012234298e-04  -1.21653594550075062e-02   4.78694914169150998e-01  -8.94210559608766165e-01   2.72146311753108550e-01
  3S        2.630257   5.55690882980325372e-05  -3.25615984588250061e-05  -3.89379586978459734e-05   4.28813028141638815e-04   7.11951654936133528e-03   1.13939433418389213e+00  -3.51156459314849012e-01
  3S        1.923696  -3.16724147118042763e-05   1.63125585714125957e-05   5.25774983189418102e-05  -3.88357723275167929e-04  -8.89513216948593834e-04   2.58561078228102370e-01  -2.23644501851482852e-01
  3S        0.878188   8.55964187479590459e-06  -4.21062877208986908e-06  -1.67735420453441261e-05   8.27545686583618415e-05   1.05317195159507012e-04  -5.73474126060843654e-03   6.11086187063604624e-01
  3S        0.631665  -4.40490467935597035e-06   2.51920980981726764e-06   3.97946552973005216e-06  -2.53992745990347181e-06  -1.02154975047438811e-04  -5.68888802295468483e-04   5.26617467952013030e-01
        P                    2P             3P             4P             5P             6P 
  BASIS/ORB.ENERGY  -6.44982867127470058e+02  -1.60548160802446773e+02  -3.99178659568380212e+01  -8.34948523553914512e+00  -1.05176819842513525e+00
  2P       88.714203  -4.82699252959860846e-03  -1.55408272658709846e-03   5.01518147631202136e-04  -1.45627415310544100e-04   1.00347091574336011e-04
  2P       49.950385  -7.42279973117084269e-01  -3.84965123423016531e-01   2.01098236392735191e-01  -9.71172800945937081e-02   3.75098206239499604e-02
  3P       44.755714  -2.67062735337789847e-01  -2.51253857073244213e-01   1.36894485503972013e-01  -6.44430065391755763e-02   2.59160305662197027e-02
  3P       27.391391  -3.56565284866289661e-02   6.41802026453807239e-01  -3.75104519815939563e-01   1.90341813893354722e-01  -7.43522684308661613e-02
  4P       27.389735   2.18722731882750390e-02   3.81002954316976006e-01  -3.93471147718566783e-01   2.46029220359596956e-01  -9.14579925566075258e-02
  4P       15.204118   1.08552460741366714e-02  -2.16231912409446086e-01   8.83993562515172915e-01  -2.17978433429507179e-01   1.11969693531239992e-01
  3P       14.501265  -1.26316410894392207e-02   3.75567224305055403e-01  -5.80193401358548466e-01   5.33278063376068867e-01  -2.55561450505749299e-01
  3P       10.837432  -3.30818122312624436e-03   2.89290697344150513e-02   8.05139573125528418e-01  -1.59786941778972591e+00   6.98040272292778319e-01
  3P        6.297562   7.04357523610051224e-04  -4.69276266229633025e-03   1.98088061747382013e-02   8.42467106806401134e-01  -2.01240513185866804e-01
  3P        5.026719  -3.60738449163721016e-04   1.92099732858062150e-03  -4.02901974290825748e-03   7.58769965471708607e-01  -8.34695698537522235e-01
  3P        2.313627   3.83870596725379107e-05  -1.52639765387278526e-04   3.97858985814951682e-05   1.08845193580686343e-02   1.03219504126662831e+00
  3P        1.567881  -1.45224414013921413e-05   7.15427022581256749e-05  -1.28944190020913342e-04  -2.29479770270328695e-03   2.59551426260978046e-01
        D                    3D             4D             5D             6D 
  BASIS/ORB.ENERGY  -1.40473780790030560e+02  -3.04764163100092169e+01  -4.65941110393798930e+00  -3.11187547530202890e-01
  3D       60.460372   2.50719109357815237e-03  -9.31482762299170155e-04   4.95943298474701109e-04  -7.08244584629356093e-05
  3D       34.353800   4.43415016431483844e-01  -2.48626305785260515e-01   1.10904600345666987e-01  -3.32497010859948358e-02
  4D       28.467124   4.99935511348081063e-01  -3.19054889621117999e-01   1.52280808359425729e-01  -4.36926028906835517e-02
  4D       19.209070   1.59211984436306020e-01   3.21913216997398582e-02  -5.78408456112391167e-02   7.71202614840771870e-03
  4D       14.954731  -4.78369882768231586e-02   5.55803102373047198e-01  -2.14494663069637215e-01   9.10210775751147533e-02
  4D       11.585351   1.74188837342524709e-02   5.14749879912988484e-01  -5.17527924059289379e-01   1.33382137280095209e-01
  4D        7.657167  -4.08857353463397497e-03   4.32667253532303397e-02   4.25312320421000145e-01  -1.00922151444020766e-01
  4D        5.376603   1.56665994557047259e-03  -6.04270150837701251e-03   7.52024859931160194e-01  -3.87845338262358119e-01
  4D        3.587342  -4.88213730559758233e-04   1.52391218560971021e-03   1.20393732310947466e-01   1.02189344429180679e-01
  4D        2.054373   1.15757786609187939e-04  -3.34382977337714811e-04  -6.07082944556919008e-04   6.77696531460082907e-01
  4D        1.197641  -3.24943127064557927e-05   8.02444046209386689e-05   1.12249136681834283e-04   3.98619999844256279e-01
        F                    4F             5F 
  BASIS/ORB.ENERGY  -1.73547164915590564e+01  -7.70106328281101371e-01
  4F       32.467146   1.73289258565833514e-02  -5.44831763912652454e-03
  4F       20.059113   2.57049754487447268e-01  -9.41962010616369666e-02
  4F       13.102908   5.54936253912827193e-01  -1.79991312636298723e-01
  5F        8.251545  -2.49579991130664508e-01   2.51270851550123242e-01
  4F        7.711586   4.97051680927287798e-01  -1.88958508855154722e-01
  4F        4.587557   1.03404213468532972e-03   5.52331501539218062e-01
  4F        2.847582  -7.32253055768793836e-05   3.91873053929174264e-01
  4F        1.776473   4.56155400165529618e-05   9.39696689732894830e-02
 
