      LEAD   [XE]4F(14)6S(2)5D(10)6P(2), 3P                                           
      CHARGE = 8.20000000000000000e+01
      SYMMETRY SPECIES               S     P     D     F 
      NUMBER OF BASIS FUNCTIONS     13    12     9     6
      NUMBER OF CLOSED SHELLS        6     4     3     1
      NUMBER OF OPEN SHELLS          0     1     0     0
      OPEN SHELL OCCUPATION NUMBER   0     2     0     0
   E = -1.95240078610321143e+04
   T = 1.95240079067718798e+04     V = -3.90480157678039977e+04     V/T = -1.99999999765725556e+00
  ORBITAL ENERGIES AND EXPANSION COEFFICIENTS
        S                    1S             2S             3S             4S             5S             6S 
  BASIS/ORB.ENERGY  -2.92536972509722500e+03  -4.98594131703823734e+02  -1.21238358664121080e+02  -2.82199108559236436e+01  -5.05552320467458394e+00  -4.56220299405690644e-01
  1S      104.713731   3.57834933423576348e-02  -1.33949189977990331e-02  -4.66742978843321353e-03   1.66731209227197956e-03  -5.45591338119734144e-04  -6.11060721103157273e-06
  1S       80.980311   9.59400773959682485e-01   3.57294034644331238e-01   1.67577891852500688e-01  -8.31243676780358820e-02   3.63682894582690666e-02  -1.09944735387942864e-02
  2S       67.443613   6.68481306107459108e-03   2.50787503551205382e-01   1.32845631273723369e-01  -6.90762419038743331e-02   3.11205155718701984e-02  -1.00053594016906843e-02
  2S       38.232020   1.46330561590601415e-03  -1.14986410567499142e+00  -5.95204371978051205e-01   3.05667247222545679e-01  -1.36649369065194592e-01   4.30963847535118377e-02
  3S       35.410237  -1.23517315951697905e-03  -1.05111377643438753e-01  -4.31942714152019125e-01   2.49388520625176052e-01  -1.06477893560690512e-01   3.10298024133339248e-02
  3S       23.936443   1.10391991309259033e-03  -1.30035549958454205e-02   4.30343148950428855e-01   1.57291302501182007e-01  -2.06240957399385028e-01   7.92340853768308123e-02
  3S       19.871630  -7.23199563519145950e-04   5.49792904285660838e-03   9.61689806249520718e-01  -1.43004176200894562e+00   9.69031393725912293e-01  -3.31539015762232547e-01
  4S       13.328775   3.44450390385631099e-04  -8.73021999207184633e-04   4.24210606205316920e-02   4.44060633595953977e-02   5.63223087236326636e-01  -2.28435374420955406e-01
  3S        9.876587  -2.98866894668449359e-04   8.16912389054112969e-04  -2.13608371075657277e-02   1.40390656574383321e+00  -1.87385465557091369e+00   6.93073567914251232e-01
  3S        4.707823   5.53884875467465854e-05  -1.51805923567395386e-04   2.01189414668095576e-03   2.45009466797814039e-02   1.05359083195294034e+00  -4.05502049829893907e-01
  3S        3.603001  -3.48409939741236289e-05   8.55434537372997306e-05  -1.27653804664216498e-03  -7.99913318025435166e-03   3.64143500067804105e-01  -2.76200695420779407e-01
  3S        1.658677   6.95589509091750646e-06  -1.61370704064197942e-05   2.28532886306615082e-04   9.86686652809667941e-04   1.84573212682544435e-03   6.94897252892686890e-01
  3S        1.106132  -3.07830695759849396e-06   7.07623838401184196e-06  -9.85459521801688309e-05  -3.99515926589007371e-04  -2.97645026275876847e-04   4.75836314983941855e-01
        P                    2P             3P             4P             5P             6P 
  BASIS/ORB.ENERGY  -4.79481355093358331e+02  -1.12126350983520467e+02  -2.41623766767330430e+01  -3.61067040831183128e+00  -2.55683413422233552e-01
  2P       76.554960  -6.44797909250565109e-03  -1.98517856339240845e-03   6.39794397971573401e-04  -1.64596639252882000e-04   8.68094346309045785e-05
  2P       43.341456  -7.58192828950926878e-01  -3.88203760828150612e-01   1.94883400730586798e-01  -8.16249546511124968e-02   2.01171482362329269e-02
  3P       38.511710  -2.54609721327849148e-01  -2.48978890276580295e-01   1.32202051547113869e-01  -5.39591462949833151e-02   1.41512958051798320e-02
  3P       22.531112  -2.71562682136149043e-02   8.47548554370878060e-01  -5.21642662706603977e-01   2.34884668181441963e-01  -5.89524152104310972e-02
  4P       22.530723   1.81643115266762363e-02   2.33947917349115214e-01  -3.30346669981368746e-01   1.92605291724630090e-01  -4.29582327899509786e-02
  4P       12.764238   6.86040469423274558e-03  -9.02464710956679128e-02   4.95700479090024293e-01  -1.15097762914379339e-02   1.95892420848859661e-02
  3P       12.761651  -9.50471216365541237e-03   2.12615055026183136e-01  -1.66625324200851521e-01   1.08004069164228375e-01  -4.52869477026441661e-02
  3P        8.920439  -1.96217447373256242e-03   1.35819702821671703e-02   8.70586770408640964e-01  -1.08234404620915092e+00   2.84715740081034785e-01
  3P        4.517615   2.23041297126470341e-04  -1.02882079208414128e-03   1.48534924815534163e-02   8.88888235167679674e-01  -2.45222692490463356e-01
  3P        3.250700  -1.05134421559902586e-04   3.30548977041311308e-04  -3.11704454833591207e-03   4.73025522730954107e-01  -2.31048704244434494e-01
  3P        1.317867   1.82777911243536643e-05  -5.00326895351289847e-05   3.67724561014848446e-04   5.56539826831424066e-03   6.04355352373218913e-01
  3P         .862335  -8.89624159530928377e-06   2.38017297174449350e-05  -1.79270435165575269e-04  -1.08367021225002063e-03   5.08160502792684876e-01
        D                    3D             4D             5D 
  BASIS/ORB.ENERGY  -9.53439150670382958e+01  -1.67208849905290791e+01  -1.22041301032093030e+00
  3D       48.110533   6.65416085900537562e-03  -2.76459876520038228e-03   1.00489500059999597e-03
  3D       28.750592   4.85020715863709873e-01  -2.57175990028671864e-01   8.97655444304027994e-02
  4D       23.625068   4.87380454156959519e-01  -2.92105786776845400e-01   1.07603622934202475e-01
  4D       15.597300   1.13552734596186283e-01   1.56367813082003954e-01  -8.54347006484589555e-02
  4D       11.717172  -2.82051117405072542e-02   5.80325195549671102e-01  -2.07295724359060934e-01
  4D        8.758467   9.66720406597907506e-03   4.00704719878711202e-01  -2.74015712617317941e-01
  4D        5.493821  -1.86415485202221106e-03   2.34339235781480526e-02   4.31021153162258530e-01
  4D        3.502864   5.99540082685085744e-04  -2.16622887431339086e-03   6.23543735941163968e-01
  4D        2.194676  -1.45203595503992579e-04   4.01105337064646338e-04   1.73321499093229581e-01
        F                    4F 
  BASIS/ORB.ENERGY  -6.58241783907114808e+00
  4F       27.357639   1.98836278976007863e-02
  4F       16.730728   2.30315665859686269e-01
  4F       11.435776   3.70597881121450035e-01
  5F        7.517999  -4.76412462765219202e-01
  4F        6.778528   9.34840276322990382e-01
  4F        4.158712   1.89720490142621066e-02
