      POLONIUM   [XE]4F(14)6S(2)5D(10)6P(4), 3P                                       
      CHARGE = 8.40000000000000000e+01
      SYMMETRY SPECIES               S     P     D     F 
      NUMBER OF BASIS FUNCTIONS     13    12     9     6
      NUMBER OF CLOSED SHELLS        6     4     3     1
      NUMBER OF OPEN SHELLS          0     1     0     0
      OPEN SHELL OCCUPATION NUMBER   0     4     0     0
   E = -2.06765007441446032e+04
   T = 2.06765005362879529e+04     V = -4.13530012804325524e+04     V/T = -2.00000001005279637e+00
  ORBITAL ENERGIES AND EXPANSION COEFFICIENTS
        S                    1S             2S             3S             4S             5S             6S 
  BASIS/ORB.ENERGY  -3.07591344240537728e+03  -5.27319898212849921e+02  -1.29666867012892823e+02  -3.10025561879967455e+01  -5.96207353574637100e+00  -6.58243008445448474e-01
  1S      107.662632   3.35408455815634984e-02  -1.32085819093726402e-02  -4.50481379998446136e-03   1.77410695955987829e-03  -7.06198839984023964e-04   6.55320785762560115e-05
  1S       83.017194   9.61501895991611955e-01   3.57177068872218673e-01   1.67824660392137281e-01  -8.40793059464599729e-02   3.79717205021688972e-02  -1.27776272056686312e-02
  2S       69.115164   6.87565107905823650e-03   2.52288367402471181e-01   1.34200319493246845e-01  -6.98210404631127018e-02   3.21132999889699525e-02  -1.14192218083909672e-02
  2S       39.156661   1.35207702349857779e-03  -1.15515435495098417e+00  -6.00041606994526022e-01   3.09242051728345513e-01  -1.41618336096006825e-01   4.94894081192227553e-02
  3S       36.235025  -1.16841152568487785e-03  -1.01132386834941801e-01  -4.37516898557186396e-01   2.58727725612081239e-01  -1.15580653408275960e-01   3.77016294661650792e-02
  3S       24.316654   1.12112732945351783e-03  -1.23807947989021290e-02   5.05107516075010587e-01   1.36184940835223783e-01  -2.10731564040632841e-01   9.18919053064874564e-02
  3S       20.292194  -7.60967052231906714e-04   5.56875485846575462e-03   8.95507207452140741e-01  -1.46468144106695264e+00   1.04935839785025231e+00  -4.02840478518004530e-01
  4S       13.862770   3.79434341917175507e-04  -9.33926847798659796e-04   4.13748237542761466e-02  -3.09807621061141507e-02   6.85225609551848858e-01  -3.08745640717558056e-01
  3S       10.340302  -3.29935648152034652e-04   8.63986543844114346e-04  -2.08001354950567291e-02   1.51446388339324090e+00  -2.08734320572431464e+00   8.66241161147739969e-01
  3S        4.835940   6.25135182734759233e-05  -1.65721955542114260e-04   1.86239870972915275e-03   2.84232260429114862e-02   1.23646377076231362e+00  -5.16939163930585255e-01
  3S        3.714369  -4.35893042549622201e-05   1.03972630898524382e-04  -1.32137713995205720e-03  -1.12158741639750772e-02   2.04335607282417758e-01  -3.25575860549398133e-01
  3S        1.941823   1.06431516259553263e-05  -2.35602722067186437e-05   2.99153833922234679e-04   1.67321086998456058e-03   2.35357841523585899e-03   7.52844158028883381e-01
  3S        1.311138  -4.11341704253224508e-06   9.09415062737398690e-06  -1.10742324939044087e-04  -6.01562133513304292e-04  -1.12524044901956660e-04   4.94610755425741122e-01
        P                    2P             3P             4P             5P             6P 
  BASIS/ORB.ENERGY  -5.07646617207958400e+02  -1.20236672315530640e+02  -2.67599232807604466e+01  -4.40012092093899287e+00  -3.41452208184199524e-01
  2P       78.287503  -6.38158704578987296e-03  -1.96743692304209451e-03   6.34951035996005899e-04  -1.58714015999628365e-04   9.30917463786354446e-05
  2P       44.424063  -7.59245941021275073e-01  -3.89942242189997068e-01   1.97357625644677542e-01  -8.57212745859800701e-02   2.49713973865077592e-02
  3P       39.555229  -2.52536156272536338e-01  -2.48409244502460741e-01   1.32649932888779409e-01  -5.58525176676872223e-02   1.71766276818496634e-02
  3P       23.458904  -2.81620217208169502e-02   8.00257147441373884e-01  -4.85741788098113414e-01   2.26867504784321827e-01  -6.71606934054459065e-02
  4P       23.448994   1.86762711362367315e-02   2.68678367970522913e-01  -3.42347391855286842e-01   2.06585306633060850e-01  -5.58278458099018202e-02
  4P       13.364416   7.10096333830673426e-03  -9.67807406439103318e-02   5.26716624644466225e-01  -1.21894703771324494e-02   1.96048213902467565e-02
  3P       13.363421  -9.87515521824466024e-03   2.32721648449363189e-01  -2.68612681957870469e-01   1.70500826954026491e-01  -7.21005177476367054e-02
  3P        9.337108  -2.04957067813891104e-03   1.41613803130763057e-02   9.12133062377159076e-01  -1.18519428339289257e+00   3.75543563811020276e-01
  3P        4.710557   2.73298750345506429e-04  -1.23789081191119340e-03   1.73405972190757741e-02   9.63436602052067381e-01  -2.96614075106539699e-01
  3P        3.530875  -1.47593768713177593e-04   4.79709540461364069e-04  -4.84676682898264270e-03   4.23264436967449142e-01  -3.23838559652575853e-01
  3P        1.603240   2.48545225812055997e-05  -6.57622612531717500e-05   5.10177877258887174e-04   6.10219485051656085e-03   6.65143762094364210e-01
  3P        1.031749  -1.02665123409961982e-05   2.66828474420519465e-05  -2.15228502571520268e-04  -5.22961458555077003e-04   5.03307572441690665e-01
        D                    3D             4D             5D 
  BASIS/ORB.ENERGY  -1.02862533332594765e+02  -1.89613570092262549e+01  -1.75528033784537674e+00
  3D       49.998233   5.73818492218238635e-03  -2.35349616986248265e-03   9.41560612653721948e-04
  3D       29.763139   4.76547606845503791e-01  -2.55671208145947793e-01   9.57665937634106651e-02
  4D       24.506491   4.90200829895627410e-01  -2.97549590277546294e-01   1.18223397846393477e-01
  4D       16.257625   1.22791372412163841e-01   1.27489317140761060e-01  -8.25821767837407461e-02
  4D       12.359076  -3.20595790750848389e-02   5.70615319425711864e-01  -2.10406931499951655e-01
  4D        9.303793   1.09056482604111098e-02   4.31807388590148333e-01  -3.29255963874033331e-01
  4D        5.946018  -2.16375098272631383e-03   2.76602516837612805e-02   4.23481892508305868e-01
  4D        3.885400   6.81550568409269582e-04  -2.64106908922722783e-03   6.69133325414945634e-01
  4D        2.463053  -1.52471107321673058e-04   3.93023675409093665e-04   1.45830791007550753e-01
        F                    4F 
  BASIS/ORB.ENERGY  -8.28067386199407629e+00
  4F       28.178564   2.00415289577763993e-02
  4F       17.204040   2.47407266988343172e-01
  4F       11.459603   4.30118005092618105e-01
  5F        7.676215  -3.20500910382907400e-01
  4F        6.997082   7.06125910963992687e-01
  4F        4.545544   1.51365511630517854e-02
