      PLUTONIUM   [RN]7S(2)5F(6), 7F                                                  
      CHARGE = 9.40000000000000000e+01
      SYMMETRY SPECIES               S     P     D     F 
      NUMBER OF BASIS FUNCTIONS     15    12     9     8
      NUMBER OF CLOSED SHELLS        7     5     3     1
      NUMBER OF OPEN SHELLS          0     0     0     1
      OPEN SHELL OCCUPATION NUMBER   0     0     0     6
   E = -2.70087192472271054e+04
   T = 2.70087192365189985e+04     V = -5.40174384837461039e+04     V/T = -2.00000000039646864e+00
  ORBITAL ENERGIES AND EXPANSION COEFFICIENTS
        S                    1S             2S             3S             4S             5S             6S             7S 
  BASIS/ORB.ENERGY  -3.88604822944341140e+03  -6.83394112354075446e+02  -1.76032314369706853e+02  -4.63070877086337589e+01  -1.05877430639075047e+01  -1.63611523666314085e+00  -1.59917604268458052e-01
  1S      107.536668   1.43655677553398115e-01   3.84548445034600533e-02  -1.08786243832901600e-02   5.96420969647632349e-03  -4.85261039189568803e-03   1.67633513550251214e-03  -6.43692344144866212e-04
  1S       91.001119   8.58977476085748370e-01  -3.99758134343728588e-01   1.83150420575508732e-01  -9.57869381680731685e-02   5.00087872253881446e-02  -2.01191926814581930e-02   5.45553002850362491e-03
  2S       75.300845  -3.40734443488218373e-03  -2.54812695855484050e-01   1.45493935434099497e-01  -7.64410707775285275e-02   3.58098681287877044e-02  -1.50459926123517850e-02   3.63851421421294450e-03
  2S       44.082884   3.51098295908270231e-03   1.18931048134183803e+00  -6.41863933252152519e-01   3.37437570124024311e-01  -1.63617648618224060e-01   6.77881096139197198e-02  -1.70272401263661874e-02
  3S       39.184732  -2.91530330858934175e-03   9.43630260221956646e-02  -5.30021586837051806e-01   3.46253509958899308e-01  -1.93796568978678002e-01   7.89564269987491768e-02  -2.15555912671340603e-02
  3S       27.656392   2.81070723658850699e-03  -3.04197160244381714e-03   8.78053561562840978e-01  -2.54455803526831503e-01   1.28171493524819630e-01  -4.45913293147835454e-02   1.50502103908639519e-02
  3S       21.755071  -2.08093199836490534e-03   1.96522185224602816e-03   6.46033705545287606e-01  -1.33409015397226649e+00   7.50215464885574557e-01  -3.25934996599335502e-01   7.91311346626437095e-02
  4S       12.225155  -8.88208889560530412e-04   7.82320099963607031e-04  -1.57631234969105439e-03  -4.68386817887652893e-02  -7.22470246231764146e-01   4.00666429775855093e-01  -1.17841129144095835e-01
  3S       12.224417   1.18357494761604440e-03  -1.27712309471074295e-03   8.33907139487064485e-03   1.66762911641707468e+00  -1.04398154367692797e+00   4.59094660410428290e-01  -1.12547429568733925e-01
  3S        6.549731   4.20082289717516695e-04  -2.32411230216689240e-04  -1.57214649078046094e-03   3.45114162637584765e-02   1.17332342651542643e+00  -4.41113055409021571e-01   1.29615731365312237e-01
  3S        5.344848  -2.61035404296554199e-04   1.53129278335060597e-04   7.58031244748957151e-04  -9.85533764443147220e-03   5.53428152944887009e-01  -8.16835249071499514e-01   2.22441004206014037e-01
  3S        2.619722   4.93513896023280220e-05  -2.97314423650096984e-05  -1.16896575210135667e-04   2.88413056278059258e-04   7.35143418819680840e-03   1.05026384079927415e+00  -2.85696041414656599e-01
  3S        1.934627  -2.81225240449526580e-05   1.50377845555036409e-05   8.87207379305919618e-05  -2.89597546792784769e-04  -9.06624100848083870e-04   3.01900232367510069e-01  -2.33763129374245315e-01
  3S         .814951   7.17393614126590880e-06  -3.66074796651261003e-06  -2.41792893120135314e-05   5.56632425409819533e-05   8.90080063508725313e-05  -4.73806060212446367e-03   7.01353531571058508e-01
  3S         .595810  -4.04931554848640062e-06   2.32247070804782458e-06   1.06120468909953262e-05  -2.18113608756230611e-06  -1.17875924450198120e-04   7.41583463279219869e-04   4.18644546419100871e-01
        P                    2P             3P             4P             5P             6P 
  BASIS/ORB.ENERGY  -6.60907237576889884e+02  -1.64985839169922713e+02  -4.11105899737107308e+01  -8.46141600859397514e+00  -9.75648246679450604e-01
  2P       90.239526  -4.51899257863487037e-03  -1.47859091820012499e-03   4.77654660093307262e-04  -1.27569337132141198e-04   7.95808286482312978e-05
  2P       50.777857  -7.33383446681797113e-01  -3.80566152570685656e-01   1.99340799592025775e-01  -9.66037261716194695e-02   3.61126599103134480e-02
  3P       45.540763  -2.74719040098474310e-01  -2.51323859900116742e-01   1.36867543913838374e-01  -6.43710524817732166e-02   2.48192961080296419e-02
  3P       27.998986  -3.94199129745215343e-02   5.96189668498680825e-01  -3.40671632961212889e-01   1.72806005337940438e-01  -6.53613687261897225e-02
  4P       27.995154   2.40096134843972124e-02   4.03079418091616903e-01  -3.96421818527325942e-01   2.48327465699545447e-01  -9.10745485995722026e-02
  4P       15.561206   1.29267059482820312e-02  -2.72103559679202578e-01   9.60989220942456090e-01  -2.56709099610883285e-01   1.10533683527682808e-01
  3P       14.518508  -1.52955542213902042e-02   4.55423981365681574e-01  -7.64458014871108538e-01   6.77064106553224687e-01  -3.07442627445337568e-01
  3P       11.137490  -3.10884791342310634e-03   2.01275420370535668e-02   8.85997155482746157e-01  -1.69185781363448484e+00   7.39899421846377248e-01
  3P        6.391201   6.30723741583379691e-04  -3.51284098778262104e-03   2.05332384299733890e-02   8.99926672919774906e-01  -2.89590828889523033e-01
  3P        5.039168  -3.18685443903305961e-04   1.39095630525222372e-03  -4.05344060431654576e-03   7.02447242733609700e-01  -6.99358684564177158e-01
  3P        2.307997   3.75086854743657668e-05  -1.27362908662737262e-04   1.27870156947356594e-04   1.09944345546118521e-02   9.49120770827120208e-01
  3P        1.580052  -1.49117219961453869e-05   6.02352537773966480e-05  -1.43156994663899825e-04  -2.24381579886020165e-03   3.12943138030600643e-01
        D                    3D             4D             5D 
  BASIS/ORB.ENERGY  -1.44610782318285402e+02  -3.14843228994172009e+01  -4.69125452828023448e+00
  3D       61.400727   2.41583731086272456e-03  -9.03688629358147450e-04   4.82163551704141598e-04
  3D       34.750009   4.44577383021576455e-01  -2.50249368084984880e-01   1.11995500981644444e-01
  4D       28.815000   4.99491825080248752e-01  -3.21474021544112420e-01   1.54013353112045337e-01
  4D       19.517891   1.53771576402509935e-01   4.47325170420102627e-02  -6.27468330745312580e-02
  4D       14.876307  -4.34531081397024205e-02   6.09259910218253986e-01  -2.38926711507808309e-01
  4D       11.601501   1.77728174311977474e-02   4.51526873666313722e-01  -5.27560482314837098e-01
  4D        8.051959  -4.08501901391770863e-03   3.92836086410370336e-02   4.39456426159283764e-01
  4D        5.509317   1.00320288487680174e-03  -2.16626504773124529e-03   7.68752596836564273e-01
  4D        3.624359  -2.01239044669345617e-04   4.44536546670580915e-04   1.27706292416740474e-01
        F                    4F             5F 
  BASIS/ORB.ENERGY  -1.80933673375559003e+01  -6.54343197014837230e-01
  4F       32.847883   1.74196264075203479e-02  -5.48533769933783749e-03
  4F       20.322362   2.60593477711167643e-01  -9.53211493565043061e-02
  4F       13.247147   5.67141591821650692e-01  -1.85076847083211926e-01
  5F        8.319856  -2.30641948048997680e-01   2.53683448895072550e-01
  4F        7.796263   4.61181826839288156e-01  -1.66772508639750378e-01
  4F        4.624658   1.32152074890921922e-03   5.48935860978051249e-01
  4F        2.844790  -1.33865487085521568e-04   3.80691117335526408e-01
  4F        1.765028   6.02416500971644905e-05   9.89754057512625407e-02
