      RADIUM   [RN]7S(2), 1S                                                          
      CHARGE = 8.80000000000000000e+01
      SYMMETRY SPECIES               S     P     D     F 
      NUMBER OF BASIS FUNCTIONS     15    12     9     6
      NUMBER OF CLOSED SHELLS        7     5     3     1
      NUMBER OF OPEN SHELLS          0     0     0     0
      OPEN SHELL OCCUPATION NUMBER   0     0     0     0
   E = -2.30943034926210130e+04
   T = 2.30943037788824331e+04     V = -4.61886072715034461e+04     V/T = -1.99999998760467412e+00
  ORBITAL ENERGIES AND EXPANSION COEFFICIENTS
        S                    1S             2S             3S             4S             5S             6S             7S 
  BASIS/ORB.ENERGY  -3.38894103733166639e+03  -5.87744204477648850e+02  -1.47871727680745835e+02  -3.73415699123849976e+01  -8.25316923834981786e+00  -1.37067561464544307e+00  -1.48760385735260597e-01
  1S      102.772371   1.09675060560833301e-01   3.18379847525188525e-02  -9.64381780746715635e-03   4.26784136226508824e-03  -3.34123768602417534e-03   1.06420570816092457e-03  -4.52410323070095023e-04
  1S       85.593215   8.91511296404139286e-01  -3.88601749004701680e-01   1.79002475966087121e-01  -9.07841975334614387e-02   4.49412205826700134e-02  -1.79370925237565260e-02   5.28698704746981014e-03
  2S       70.820905  -1.40830957634995231e-03  -2.53571718825033765e-01   1.41827538878185305e-01  -7.46319495967997099e-02   3.38972487733417358e-02  -1.42064164560988873e-02   3.84031746433559709e-03
  2S       41.242337   3.15139512748158386e-03   1.17486810495370708e+00  -6.26493126870685146e-01   3.26745652408022946e-01  -1.52573486526559388e-01   6.29507361025584411e-02  -1.75042133062076714e-02
  3S       36.905364  -2.58152658228740254e-03   1.02975112420068793e-01  -5.00762788990807062e-01   3.06676230759833746e-01  -1.61552380808251073e-01   6.47566971921110374e-02  -1.93204595329323076e-02
  3S       25.990833   2.38403620453024470e-03  -4.91987717726864965e-04   7.01867151231427733e-01  -8.88788835090826845e-02   2.44734645615386423e-02  -5.62063062477242254e-04   2.76848146399780604e-03
  3S       20.824259  -1.62511973417869826e-03   7.89743847441133303e-04   7.74205930836863954e-01  -1.34989678728097928e+00   7.48097964203593424e-01  -3.23703376052395408e-01   8.89003165165007103e-02
  4S       10.834095  -5.83730944074457685e-04   4.65823475612058935e-04  -1.57037705021369871e-02  -1.37876698869678099e-01  -4.80269466157961677e-01   2.64510966111593082e-01  -8.53781832725306750e-02
  3S       10.835315   7.41398149308927193e-04  -7.54101333313014202e-04   3.13323224458983626e-02   1.65777762282864982e+00  -1.06960265534722132e+00   4.73070799206504300e-01  -1.31497296956734233e-01
  3S        5.559242   3.03791499692116927e-04  -1.36481778204335373e-04   2.70721356679961590e-03   3.68846943468832955e-02   1.29036307124599903e+00  -4.93412505349449637e-01   1.49971874153256218e-01
  3S        4.498561  -2.08026991528710825e-04   9.90799916692703867e-05  -1.76723366692728033e-03  -1.50884355518426765e-02   3.18355609660978922e-01  -7.06319501100018399e-01   2.22746263076531198e-01
  3S        2.306842   5.25062563455939440e-05  -2.58355749674539131e-05   3.80591376701260085e-04   1.77026957390551284e-03   4.47929119648143165e-03   1.11291261092239036e+00  -3.48621066363735854e-01
  3S        1.710801  -3.06483592731950042e-05   1.45287733449639798e-05  -2.05480532319238701e-04  -9.73603877262411879e-04  -3.30726083638539282e-04   2.61270986705965491e-01  -2.43404466899790228e-01
  3S         .761325   8.58104693793635087e-06  -4.03232847335511154e-06   5.40193896409097392e-05   2.23124862285584678e-04   1.98025590935482976e-05  -3.86888954498225196e-03   7.06861744767578126e-01
  3S         .569949  -4.79219870770826450e-06   2.24761502580494987e-06  -2.98480543863208214e-05  -1.20878180038197502e-04  -3.14165143117106638e-06   1.85547964719129377e-03   4.32446530358735870e-01
        P                    2P             3P             4P             5P             6P 
  BASIS/ORB.ENERGY  -5.66942777940369865e+02  -1.37798658393502251e+02  -3.27219996824443484e+01  -6.44987554407248798e+00  -8.19811527212726876e-01
  2P       83.018450  -5.57461472756683261e-03  -1.75205131692791243e-03   5.56054531221702639e-04  -1.63777584248393548e-04   1.03121230063441067e-04
  2P       46.836527  -7.53087963437356955e-01  -3.88526141826388116e-01   1.99649298161197059e-01  -9.20646144996403598e-02   3.43838582997313680e-02
  3P       41.801671  -2.58386790075714690e-01  -2.50967898433453407e-01   1.35271514500654083e-01  -6.10443909196060480e-02   2.37116986776473616e-02
  3P       25.187270  -2.98977909413793187e-02   7.35451083306761344e-01  -4.45376912298415584e-01   2.17654725728689991e-01  -8.23286920991582738e-02
  4P       25.102935   1.86962508941393366e-02   3.26709227729233553e-01  -3.78272826705421172e-01   2.29038562345131924e-01  -8.21658966182958889e-02
  4P       13.925446   7.58953545311194175e-03  -1.23661014104883490e-01   6.84993263786030315e-01  -1.11811511301184219e-01   6.42913133491824634e-02
  3P       13.918592  -9.30137900648857034e-03   2.56128478005093918e-01  -2.85507695323025446e-01   2.62471222961245143e-01  -1.27819433620792816e-01
  3P        9.852338  -2.81182756472464447e-03   2.53283631850296405e-02   7.64615181608951811e-01  -1.32449517884568024e+00   5.44958958284750938e-01
  3P        5.415789   5.55523239277748589e-04  -3.57638856831133658e-03   1.70906300700329229e-02   9.09678921955619502e-01  -2.36115014851956406e-01
  3P        4.328539  -3.07326287756675548e-04   1.66640111901780394e-03  -5.04570577025850991e-03   5.88183473424962577e-01  -7.00299333969069959e-01
  3P        1.999556   3.65910751121117911e-05  -1.65217703879316866e-04   2.68560190116413596e-04   9.53648608013059340e-03   1.03060818677040578e+00
  3P        1.359217  -1.50684850752305039e-05   6.55567656028932641e-05  -1.06503495210129258e-04  -2.39546152170495071e-03   2.41665376260119025e-01
        D                    3D             4D             5D 
  BASIS/ORB.ENERGY  -1.19228731812057759e+02  -2.41977953928761913e+01  -3.29686783910366898e+00
  3D       54.653258   3.89087553074509178e-03  -1.51448352732270293e-03   7.16033975449489554e-04
  3D       31.812073   4.60897740731229688e-01  -2.52653983903287360e-01   1.05050382359816064e-01
  4D       26.239889   4.98642475466059609e-01  -3.09236360335653659e-01   1.37365253348453120e-01
  4D       17.292475   1.44640354128703075e-01   9.69943635329254400e-02  -8.87127996363281657e-02
  4D       13.510169  -5.16685621428627506e-02   5.32936964973586891e-01  -1.80387481616749196e-01
  4D       10.453460   1.89476000443019599e-02   4.77323995240019894e-01  -4.53899626541540646e-01
  4D        7.146561  -4.11607786688370728e-03   4.56040625395280758e-02   3.24578551339638532e-01
  4D        4.838823   1.12858872196724513e-03  -3.45098495775506215e-03   7.74244145184806443e-01
  4D        3.220235  -2.23083116564021244e-04   3.46631105581890475e-04   1.71534039754043965e-01
        F                    4F 
  BASIS/ORB.ENERGY  -1.24305006740000561e+01
  4F       30.150869   1.84731362999137234e-02
  4F       18.531819   2.48890405683356825e-01
  4F       12.237536   4.87518063806057500e-01
  5F        8.036556  -2.69610053685554740e-01
  4F        7.428155   5.98404093861435449e-01
  4F        4.881720   4.52643987240831588e-03
