      RADON   [XE]4F(14)6S(2)5D(10)6P(6), 1S                                          
      CHARGE = 8.60000000000000000e+01
      SYMMETRY SPECIES               S     P     D     F 
      NUMBER OF BASIS FUNCTIONS     13    12     9     6
      NUMBER OF CLOSED SHELLS        6     5     3     1
      NUMBER OF OPEN SHELLS          0     0     0     0
      OPEN SHELL OCCUPATION NUMBER   0     0     0     0
   E = -2.18667720706625914e+04
   T = 2.18667719104232892e+04     V = -4.37335439810858807e+04     V/T = -2.00000000732798178e+00
  ORBITAL ENERGIES AND EXPANSION COEFFICIENTS
        S                    1S             2S             3S             4S             5S             6S 
  BASIS/ORB.ENERGY  -3.23031280979588792e+03  -5.56913091908423098e+02  -1.38421853300353263e+02  -3.39207095925443909e+01  -6.90579488602794811e+00  -8.73976215019153679e-01
  1S      110.161562   3.29516802178518864e-02  -1.32733706108390456e-02  -4.45677473102776191e-03   1.91116147565046301e-03  -7.87105654482764391e-04   9.27175111545731770e-05
  1S       85.019704   9.62116746249909727e-01   3.57521838857175811e-01   1.68282940176079754e-01  -8.50950020039654975e-02   3.94232220915384235e-02  -1.42276742007563309e-02
  2S       70.796388   6.84588498068661091e-03   2.53079475719037827e-01   1.35089468916706229e-01  -7.03499703431948731e-02   3.31816808739855695e-02  -1.26557569676799455e-02
  2S       40.050427   1.28885002285314323e-03  -1.16146970439927277e+00  -6.05099485763962774e-01   3.12957244103376331e-01  -1.46980829812204616e-01   5.50904297959439668e-02
  3S       37.065897  -1.12806301244695721e-03  -9.51594939414339286e-02  -4.42408432968965371e-01   2.67529808733361407e-01  -1.23027107036441957e-01   4.30875879591555988e-02
  3S       24.761481   1.12305885154088004e-03  -1.22718658754542714e-02   5.78101957674387767e-01   1.02490432973103951e-01  -2.14957616352903114e-01   1.03373800714476979e-01
  3S       20.686346  -7.71562886542351625e-04   5.76856009918115097e-03   8.31880362814854224e-01  -1.48630223777633796e+00   1.14267081997245112e+00  -4.75856934913952478e-01
  4S       14.330607   4.37671529133913596e-04  -1.14892298279944201e-03   4.04208484509281790e-02  -9.09856116691511452e-02   8.50003954185965638e-01  -4.08227775543752003e-01
  3S       10.794813  -3.92543341593272358e-04   1.07008924511586725e-03  -2.12498571609419963e-02   1.60979093024156872e+00  -2.36607033720337245e+00   1.05950892849565692e+00
  3S        5.057300   8.64292183512252660e-05  -2.35074658928824826e-04   2.08920343631637971e-03   3.52438849725192835e-02   1.32403255850268242e+00  -5.30238679754265640e-01
  3S        4.066550  -6.49870737610096900e-05   1.62505603794662316e-04  -1.60189295813070276e-03  -1.63650333173681502e-02   1.47977837914563037e-01  -4.52367140871564322e-01
  3S        2.209589   1.36798729251004649e-05  -3.12078527358834731e-05   3.17654565802022047e-04   1.91416306923819068e-03   7.88682383156283709e-03   7.91228219502619790e-01
  3S        1.500547  -4.84342163880463472e-06   1.11587088743869689e-05  -1.05172276982312685e-04  -6.41512871186855627e-04  -8.85611302463562566e-04   5.25370098594562740e-01
        P                    2P             3P             4P             5P             6P 
  BASIS/ORB.ENERGY  -5.36676957352074510e+02  -1.28671542005492910e+02  -2.94911495418669176e+01  -5.22518806581657014e+00  -4.27988136222352100e-01
  2P       80.413094  -6.08385373616969569e-03  -1.89051941200948513e-03   6.08015235180730412e-04  -1.62843500068034154e-04   8.91939023780748217e-05
  2P       45.595893  -7.57190530658208183e-01  -3.89856656773796273e-01   1.98854880836406567e-01  -8.91799778599272758e-02   2.87190212414509503e-02
  3P       40.661311  -2.54124857812670191e-01  -2.49084523168500049e-01   1.33668340868904972e-01  -5.82922822446802838e-02   1.95277800681452722e-02
  3P       24.299025  -2.93931054707049812e-02   7.68430152548919998e-01  -4.64766482864183594e-01   2.22625932908522894e-01  -7.27008961016018529e-02
  4P       24.298213   1.90970028798359767e-02   2.94871301586533241e-01  -3.56665368858646137e-01   2.16848706741380293e-01  -6.69716094650474048e-02
  4P       13.697119   7.44161260848639865e-03  -1.09058593699096873e-01   5.92949825306926859e-01  -4.84331927430895481e-02   2.84911793761948168e-02
  3P       13.696884  -9.79536597677113478e-03   2.46451189178041263e-01  -2.97646327480848572e-01   2.23771935139109840e-01  -9.53640538548822386e-02
  3P        9.640567  -2.41207885701524285e-03   1.85618040052019061e-02   8.66397358176750454e-01  -1.26386819095204705e+00   4.50985122252989090e-01
  3P        4.991556   3.92299051484824358e-04  -2.04622397918604931e-03   1.82062843254091437e-02   9.94549882698773202e-01  -3.03034644502332640e-01
  3P        3.885248  -2.25447309173205089e-04   9.34522640258648204e-04  -5.74881314498442222e-03   4.35885678833886903e-01  -4.46462877067607400e-01
  3P        1.877545   3.28232687198319636e-05  -1.12964156390268694e-04   4.83832582140595181e-04   8.07741420676191639e-03   6.98978719981844354e-01
  3P        1.190797  -1.18298355188699072e-05   3.89536776369779478e-05  -1.70266782338615520e-04  -1.09108927513678787e-03   5.24151641828707215e-01
        D                    3D             4D             5D 
  BASIS/ORB.ENERGY  -1.10701324272983882e+02  -2.13312903966225740e+01  -2.32629740572236887e+00
  3D       52.058235   4.87535446116762854e-03  -1.96897440614507988e-03   8.48496421905327747e-04
  3D       30.769357   4.69049350229526707e-01  -2.54434392846694168e-01   1.00849561732968024e-01
  4D       25.372633   4.93161870303258310e-01  -3.03073220774515262e-01   1.27750509291549852e-01
  4D       16.878426   1.30710971811984183e-01   1.07242159617900457e-01  -8.04229770362444446e-02
  4D       12.915741  -3.60686917669524529e-02   5.70582549678416373e-01  -2.16625050460300228e-01
  4D        9.793952   1.25106250627957192e-02   4.46319138519914560e-01  -3.75766057044326973e-01
  4D        6.388020  -2.59973040916780182e-03   3.08616835893733808e-02   4.13934360383047706e-01
  4D        4.266585   7.94674244094033277e-04  -2.97636000763445161e-03   7.09714636514324870e-01
  4D        2.711132  -1.60602735426063070e-04   3.34672797991264481e-04   1.29823239765588877e-01
        F                    4F 
  BASIS/ORB.ENERGY  -1.01076195930937249e+01
  4F       29.091519   1.96356602294182406e-02
  4F       17.792862   2.54199138497052279e-01
  4F       11.693545   4.80618575758134103e-01
  5F        7.686730  -2.54227820198478005e-01
  4F        7.106004   5.84761949147608484e-01
  4F        4.841159   9.95195353916186048e-03
