      THORIUM   [RN]7S(2)6D(2), 3F                                                    
      CHARGE = 9.00000000000000000e+01
      SYMMETRY SPECIES               S     P     D     F 
      NUMBER OF BASIS FUNCTIONS     15    12    11     6
      NUMBER OF CLOSED SHELLS        7     5     3     1
      NUMBER OF OPEN SHELLS          0     0     1     0
      OPEN SHELL OCCUPATION NUMBER   0     0     2     0
   E = -2.43596222541117968e+04
   T = 2.43596221034871960e+04     V = -4.87192443575989892e+04     V/T = -2.00000000618337159e+00
  ORBITAL ENERGIES AND EXPANSION COEFFICIENTS
        S                    1S             2S             3S             4S             5S             6S             7S 
  BASIS/ORB.ENERGY  -3.55126392573907196e+03  -6.19274458646821017e+02  -1.57477629472986905e+02  -4.07261121168612448e+01  -9.46830761293979073e+00  -1.69030677057449008e+00  -1.69976052189441756e-01
  1S      104.360470   1.20098962287845237e-01   3.33656323830162152e-02  -9.84241459958804660e-03   4.70338072733597796e-03  -3.66515232690572132e-03   1.23442183739560498e-03  -4.89509922509813065e-04
  1S       87.407443   8.81592277980535188e-01  -3.91429146139665063e-01   1.80112340161269230e-01  -9.23277561427850862e-02   4.66874708479255995e-02  -1.96593026977020802e-02   5.94797901646493699e-03
  2S       72.395723  -2.10256779852279569e-03  -2.53248477196562016e-01   1.42438830262269778e-01  -7.49326280474196110e-02   3.47806173890549408e-02  -1.54003827933600294e-02   4.37787132677947867e-03
  2S       42.152982   3.28266643180334791e-03   1.18012115045830512e+00  -6.31400105631708564e-01   3.30292355167610463e-01  -1.57570159737229543e-01   6.86600314639664588e-02  -1.99140193240217207e-02
  3S       37.702725  -2.70093400605650371e-03   9.80254292979792774e-02  -5.07581714018819352e-01   3.17844675762318229e-01  -1.71115233653655580e-01   7.24988895825990631e-02  -2.21066377480279332e-02
  3S       26.525386   2.54216195115410278e-03  -4.18391003044224919e-04   7.55864614184045158e-01  -1.33333589543663145e-01   4.77327053265134554e-02  -9.65299770521640607e-03   4.87339465269214043e-03
  3S       21.190267  -1.78009158231897009e-03   6.58691655552060321e-04   7.32489745032831152e-01  -1.34898392570555381e+00   7.66053144966074906e-01  -3.52172182944116230e-01   1.01409699345166193e-01
  4S       11.203617  -6.96560290765938926e-04   4.39240675731821005e-04  -1.28008683555377607e-02  -1.49048358072553649e-01  -5.29431473820992982e-01   3.08367388609091353e-01  -1.01474813123076796e-01
  3S       11.206623   8.69697532784768348e-04  -7.17587985603291797e-04   2.62618336824649475e-02   1.69455874671404083e+00  -1.11535330517160181e+00   5.22804066735444661e-01  -1.51939180505597543e-01
  3S        5.799329   4.23486278971868979e-04  -1.37139027854788506e-04   2.08687722909594621e-03   4.10175560523201727e-02   1.41355122428956959e+00  -4.79224364569982464e-01   1.36657086177809167e-01
  3S        4.767688  -3.10067438053217043e-04   1.06219657994091444e-04  -1.46101660924572775e-03  -1.84579007012695209e-02   2.48104712863744081e-01  -9.22259396225176387e-01   3.27851438725859645e-01
  3S        2.619963   7.98522180065228891e-05  -2.83765719885027021e-05   3.16229033909178373e-04   2.12000833685652926e-03   6.18763727430178285e-03   1.14801786692310270e+00  -4.02235491890331920e-01
  3S        1.957576  -4.27828577603992262e-05   1.44972759232832132e-05  -1.50397174862351653e-04  -1.03883310197060261e-03  -5.55470166396342959e-04   3.45153219737250772e-01  -2.69123867985778420e-01
  3S         .895730   9.54132017029798929e-06  -3.19726389690333711e-06   3.05224069807998808e-05   1.75624965930562028e-04   6.65339590633204949e-05  -3.18076454349305220e-03   6.07073358068912161e-01
  3S         .642855  -4.73186413940553989e-06   1.58013893461887669e-06  -1.47700314637643121e-05  -8.33325629797401182e-05  -1.21665882444080063e-05  -7.63863098297095115e-04   5.45517268746557704e-01
        P                    2P             3P             4P             5P             6P 
  BASIS/ORB.ENERGY  -5.97906294448353492e+02  -1.47080012032970359e+02  -3.59153331789132793e+01  -7.54291188937624302e+00  -1.06514462991825654e+00
  2P       85.220586  -5.34214388217584858e-03  -1.66489392541999755e-03   5.27042454073640585e-04  -1.66107867002977686e-04   1.19068723296146330e-04
  2P       47.923019  -7.54512365619110503e-01  -3.90293125349551628e-01   2.01978931329959643e-01  -9.55038310782590633e-02   3.81163581160735288e-02
  3P       42.810133  -2.56931509875061914e-01  -2.51274017575966180e-01   1.36333948813365052e-01  -6.32900834639788523e-02   2.64615925100329455e-02
  3P       25.930725  -2.98019000766069214e-02   7.22466797562424823e-01  -4.36427366200942413e-01   2.17991683177047646e-01  -8.79374512953306903e-02
  4P       25.894042   1.84940022779355000e-02   3.35215370222218423e-01  -3.83198038613529357e-01   2.35474059072248249e-01  -8.88638871381852435e-02
  4P       14.310752   7.58725158552746391e-03  -1.32113235754280828e-01   7.43599885378034231e-01  -1.47463885512787690e-01   9.80389955675307484e-02
  3P       14.333548  -8.93716466669865553e-03   2.65553520330366388e-01  -3.07785346327397957e-01   3.06641754059549798e-01  -1.58220895039591358e-01
  3P       10.146515  -3.09186660614591555e-03   3.03372682517840143e-02   7.21485798666115730e-01  -1.40384126649467977e+00   5.98491276931373717e-01
  3P        5.791359   7.41747552530681864e-04  -5.28562014130437921e-03   1.81074185341039973e-02   8.19733481640995021e-01  -6.48003147616520864e-02
  3P        4.757648  -4.19173794869309919e-04   2.59110893801853606e-03  -5.76582094866075548e-03   7.33730067282460707e-01  -1.00663757274859922e+00
  3P        2.238531   3.90294165418577708e-05  -1.98102107271787341e-04   2.03826058403152672e-04   1.03835211511845542e-02   1.12103435825959674e+00
  3P        1.497187  -1.46222476273430200e-05   7.17764995491104773e-05  -8.14839839370814752e-05  -2.32106040029029072e-03   2.16471293143394222e-01
        D                    3D             4D             5D             6D 
  BASIS/ORB.ENERGY  -1.27907270293342734e+02  -2.70254270225320496e+01  -4.13844646215150824e+00  -3.16868817273625925e-01
  3D       56.959163   3.18261472343310103e-03  -1.21877469860435291e-03   6.06413064339481858e-04  -1.10319044590311477e-04
  3D       32.929578   4.49293640349990753e-01  -2.48614694146043536e-01   1.07835926159402157e-01  -3.31677607138660749e-02
  4D       27.232169   4.98693159201250846e-01  -3.12671157365699781e-01   1.44696882295328788e-01  -4.27687452505411542e-02
  4D       18.308145   1.52997209944486984e-01   4.09983719106740765e-02  -5.77243267195182153e-02   9.58511228751159072e-03
  4D       14.322241  -4.40491396333769422e-02   5.47259136755791631e-01  -2.20826361812001826e-01   8.93050099010860854e-02
  4D       10.902954   1.44236178050322923e-02   5.21252516356655371e-01  -4.62302027303659102e-01   1.26259121067725938e-01
  4D        6.981844  -3.46657454835069649e-03   3.95241531772989457e-02   4.24174943818925509e-01  -1.10205133391640273e-01
  4D        4.936825   1.57858648188751393e-03  -7.87828391821477486e-03   7.43434610184863898e-01  -3.81270655009783965e-01
  4D        3.242964  -5.06788586763671925e-04   1.72290414726231902e-03   9.67886708847538746e-02   9.24583052490610541e-02
  4D        1.958372   1.52329113103724558e-04  -4.95618398013384699e-04  -2.32805215321576532e-03   6.90517049304923414e-01
  4D        1.173942  -3.96425204924783116e-05   1.18116391443031030e-04   6.63139223431837466e-04   3.85883045030021077e-01
        F                    4F 
  BASIS/ORB.ENERGY  -1.47135556653412483e+01
  4F       31.067912   1.80324704943374929e-02
  4F       19.143075   2.52389197372533514e-01
  4F       12.571937   5.18832432550417555e-01
  5F        8.226585  -1.87091472471408060e-01
  4F        7.787099   4.68786566824827056e-01
  4F        6.101665   1.62252064492637224e-02
