      TALLIUM   [XE]4F(14)6S(2)5D(10)6P(1), 2P                                        
      CHARGE = 8.10000000000000000e+01
      SYMMETRY SPECIES               S     P     D     F 
      NUMBER OF BASIS FUNCTIONS     13    12     9     6
      NUMBER OF CLOSED SHELLS        6     4     3     1
      NUMBER OF OPEN SHELLS          0     1     0     0
      OPEN SHELL OCCUPATION NUMBER   0     1     0     0
   E = -1.89618246416691400e+04
   T = 1.89618246518297019e+04     V = -3.79236492934988419e+04     V/T = -1.99999999946415685e+00
  ORBITAL ENERGIES AND EXPANSION COEFFICIENTS
        S                    1S             2S             3S             4S             5S             6S 
  BASIS/ORB.ENERGY  -2.85154715610404492e+03  -4.84560130573417382e+02  -1.17150432172825731e+02  -2.68833802112905857e+01  -4.61873239149245052e+00  -3.61088537024917389e-01
  1S      103.436743   3.62873147372237970e-02  -1.35523380472398237e-02  -4.73407907480935530e-03   1.62260902216306816e-03  -4.05867118860968779e-04  -2.66796042259647162e-05
  1S       79.972778   9.58941947887320900e-01   3.57425845341281800e-01   1.67410504608299565e-01  -8.26434673033212275e-02   3.54652333290977201e-02  -9.96259564796532320e-03
  2S       66.565494   6.62115417848544146e-03   2.50690642693720656e-01   1.32736380308799390e-01  -6.89919075762713968e-02   3.08889455145750676e-02  -9.17394138779488444e-03
  2S       37.786246   1.51895185759915678e-03  -1.14744371216719832e+00  -5.93539020097150427e-01   3.04288047825188035e-01  -1.34635329869613130e-01   3.93054902698427230e-02
  3S       34.935192  -1.28618158602575045e-03  -1.07962472021542494e-01  -4.32497476701848682e-01   2.46357347339970917e-01  -1.01746219887893202e-01   2.75166659457018840e-02
  3S       23.854182   1.10153184134470570e-03  -1.23038293887723724e-02   3.95065122722496054e-01   1.50923102360067812e-01  -1.94871260638428273e-01   6.85833960569686152e-02
  3S       19.646005  -6.94075428855078780e-04   4.79471435381781819e-03   9.96664602866041083e-01  -1.39304815402703475e+00   9.19136466882025549e-01  -2.90105556889036054e-01
  4S       13.028118   3.31867630510877896e-04  -7.06707524729546809e-04   4.23873750407057007e-02   1.03891005718479493e-01   4.95031909660791247e-01  -1.90658979626933373e-01
  3S        9.620853  -2.88685480429424059e-04   6.84739102216417477e-04  -2.15200876118187140e-02   1.32417639565743706e+00  -1.76346529353778214e+00   6.06799569824543639e-01
  3S        4.644696   5.17222405826927689e-05  -1.25422080774985285e-04   2.02663544946518311e-03   2.16698869994093393e-02   9.92511321839904759e-01  -3.65363970008689365e-01
  3S        3.495830  -3.05251461312076560e-05   6.50437438868293127e-05  -1.20278781019560687e-03  -6.05740736460312190e-03   4.17594273143740480e-01  -2.38950922962150342e-01
  3S        1.538362   5.84681683631078163e-06  -1.19019702965782867e-05   2.04577220948375891e-04   7.53289427173652873e-04   2.07574806600017373e-03   6.37768788446053669e-01
  3S        1.003827  -2.64506698151754503e-06   5.33408602673884166e-06  -9.04854254612521246e-05  -3.10902443224062215e-04  -4.14395927307151387e-04   5.05715301482506319e-01
        P                    2P             3P             4P             5P             6P 
  BASIS/ORB.ENERGY  -4.65726690575098417e+02  -1.08196759981104904e+02  -2.29176374178680327e+01  -3.23132677194430551e+00  -1.92375937376741857e-01
  2P       75.656351  -6.49516842158755995e-03  -1.99966043877815346e-03   6.45936479600757495e-04  -1.67928408051917988e-04   6.28893147653558973e-05
  2P       42.807966  -7.57274492727763371e-01  -3.87116483208449991e-01   1.93525194359785574e-01  -7.94931264765880996e-02   1.69105362253390255e-02
  3P       38.003252  -2.55911292049579242e-01  -2.49063345238896200e-01   1.31863377901297679e-01  -5.29005813031578342e-02   1.17484207641828983e-02
  3P       22.085285  -2.69092245289896288e-02   8.68837719890287907e-01  -5.37510601914923836e-01   2.37393797633518533e-01  -5.13265630416393087e-02
  4P       22.083330   1.81178016371663884e-02   2.17445009206149203e-01  -3.23866091730622974e-01   1.85529870326027246e-01  -3.72017716778852911e-02
  4P       12.487931   6.81183163516117622e-03  -8.67351569250159049e-02   4.78694016594053917e-01  -1.10498452234069518e-02   9.84105855049685445e-03
  3P       12.486752  -9.48424355641384192e-03   2.03702691337827757e-01  -1.20902612818628838e-01   7.87102038138739052e-02  -2.83651201789566869e-02
  3P        8.716768  -1.91274807621900174e-03   1.30443880800598516e-02   8.54425809058832142e-01  -1.02963707348627742e+00   2.37826100829111819e-01
  3P        4.389847   2.00020822373765656e-04  -9.17257730053351963e-04   1.36452070949051735e-02   8.81759270003607099e-01  -2.19440004681563716e-01
  3P        3.082472  -8.88309686917135148e-05   2.70053717071455516e-04  -2.49936057664412997e-03   4.66422203691746085e-01  -1.71341058487867515e-01
  3P        1.207403   1.49618690079603191e-05  -4.15070581487459985e-05   3.06784826420457182e-04   5.37032537862922217e-03   5.02792381710303049e-01
  3P         .752814  -7.14022186245866215e-06   1.93297394421623037e-05  -1.46248493528778771e-04  -1.04827641284000622e-03   5.93365051069224880e-01
        D                    3D             4D             5D 
  BASIS/ORB.ENERGY  -9.17084450524588135e+01  -1.56529114932075171e+01  -9.68237540939926311e-01
  3D       47.191938   7.10322941454051299e-03  -2.96735731805518451e-03   1.02435501280040008e-03
  3D       28.279271   4.87623933518778363e-01  -2.56947949155637789e-01   8.59142120083016270e-02
  4D       23.220471   4.85886251120651202e-01  -2.89186532944705754e-01   1.01808309139284070e-01
  4D       15.344936   1.10529375832660426e-01   1.59248560020191887e-01  -8.11395535754535768e-02
  4D       11.487604  -2.55869121255753972e-02   5.82448772331121356e-01  -2.04195953211252501e-01
  4D        8.518873   8.49682379113250903e-03   3.98463603498471430e-01  -2.47420847487881290e-01
  4D        5.232079  -1.56854071780136131e-03   2.13032244572181756e-02   4.37768789481584097e-01
  4D        3.290478   5.19135452625795130e-04  -2.02296204102250278e-03   5.97133474692018273e-01
  4D        2.031593  -1.30784134219456323e-04   4.16101550230459224e-04   1.87299525476914891e-01
        F                    4F 
  BASIS/ORB.ENERGY  -5.78520292079115528e+00
  4F       26.929334   1.98621065689628361e-02
  4F       16.499440   2.20405086050206755e-01
  4F       11.444569   3.44701479301113001e-01
  5F        7.430050  -5.46620756440524547e-01
  4F        6.673895   1.03818921400146991e+00
  4F        3.999648   2.24705293836581985e-02
