      URANIUM   [RN]7S(2)6D(1)5F(3), 5L                                               
      CHARGE = 9.20000000000000000e+01
      SYMMETRY SPECIES               S     P     D     F 
      NUMBER OF BASIS FUNCTIONS     15    12    11     8
      NUMBER OF CLOSED SHELLS        7     5     3     1
      NUMBER OF OPEN SHELLS          0     0     1     1
      OPEN SHELL OCCUPATION NUMBER   0     0     1     3
   E = -2.56643380753598394e+04
   T = 2.56643381827679295e+04     V = -5.13286762581277726e+04     V/T = -1.99999999581488974e+00
 
  ORBITAL ENERGIES AND EXPANSION COEFFICIENTS
        S                    1S             2S             3S             4S             5S             6S             7S 
  BASIS/ORB.ENERGY  -3.71678140988762334e+03  -6.50960191486542840e+02  -1.66654941383906703e+02  -4.35082585033330957e+01  -1.00497272006523843e+01  -1.67482170037568823e+00  -1.65212221222679700e-01
  1S      105.948569   1.31490842817115455e-01   3.60603550215953458e-02  -1.04366971443364525e-02   5.42833708863034187e-03  -4.29845161393114291e-03   1.47227126324070141e-03  -5.49246175936820755e-04
  1S       89.207514   8.70699792384062476e-01  -3.95807177243098551e-01   1.81742837014412045e-01  -9.42008717474432516e-02   4.84519645408001270e-02  -1.99410682606692702e-02   5.59317100649479957e-03
  2S       73.824657  -2.79939654445965445e-03  -2.54367727820426826e-01   1.44215363093695759e-01  -7.57387541065469155e-02   3.53512509422780410e-02  -1.52568106632149543e-02   3.95446450881670620e-03
  2S       43.135437   3.41265025697058298e-03   1.18441241141503428e+00  -6.36658658008684930e-01   3.33737675894588470e-01  -1.60676247849894482e-01   6.82937727287353524e-02  -1.81628818772465346e-02
  3S       38.435041  -2.81853586331194369e-03   9.72797046857310360e-02  -5.19560351513526197e-01   3.33172167945542386e-01  -1.83130816535216151e-01   7.60989677685201538e-02  -2.14991300753158317e-02
  3S       27.065952   2.69445023124361208e-03  -2.30700547621675396e-03   8.24559195329240380e-01  -1.99997046493885583e-01   9.06088948934482274e-02  -2.84721162174079202e-02   1.02127544858032597e-02
  3S       21.462052  -1.94082265544272140e-03   1.61919219345251159e-03   6.81931962832450722e-01  -1.33629134358030832e+00   7.58085446596241108e-01  -3.39471246286109696e-01   8.88378894928634338e-02
  4S       11.698336  -8.00126743113082316e-04   7.07546937796342079e-04  -7.24715169846095429e-03  -1.06762048490449429e-01  -6.21563024054219593e-01   3.53534658407336944e-01  -1.07642731557421850e-01
  3S       11.694677   1.02737333620770799e-03  -1.10992193105907818e-03   1.75424953634183978e-02   1.68974027715020281e+00  -1.09250847734287615e+00   4.97221857521092436e-01  -1.31388001368529073e-01
  3S        6.183263   4.33355876598008605e-04  -2.45129244883330753e-04   4.76770934088010300e-05   3.69124256916993215e-02   1.27688772992518551e+00  -4.43379577894814414e-01   1.25148756827117402e-01
  3S        5.092883  -2.90257743106208169e-04   1.70392455144575706e-04  -1.04110400517120328e-04  -1.37051571137224264e-02   4.24965209776126895e-01  -8.76661193588735954e-01   2.69726040014110380e-01
  3S        2.598643   5.96496716883120374e-05  -3.57220706602437842e-05   1.38262405409924075e-05   8.84804130233115193e-04   5.08373708139648120e-03   1.13397573033182231e+00  -3.50611730383027564e-01
  3S        1.915613  -3.36984208133904965e-05   1.89864097414069761e-05   7.24569799650407510e-06  -4.85407780882907852e-04  -1.12420885310905564e-03   2.76791880742250140e-01  -2.32166717617406454e-01
  3S        0.863923   8.67777245683877542e-06  -4.78573671097333927e-06  -3.46800188572491371e-06   8.78826184308963197e-05   2.47135273986883038e-04  -6.95856142242366141e-03   6.30869197958237815e-01
  3S        0.624455  -4.51543731129467549e-06   2.59697617489139508e-06   1.15437597644077499e-06  -3.84306693978600758e-05   6.51335516055803190e-05  -1.95736653580355982e-03   5.07483162573873159e-01
        P                    2P             3P             4P             5P             6P 
  BASIS/ORB.ENERGY  -6.29032731577809841e+02  -1.55933691792433109e+02  -3.85053581577264907e+01  -8.02282047543759091e+00  -1.02948953038905877e+00
  2P       87.226042  -5.12491407569047683e-03  -1.62959473898995197e-03   5.30830183369699455e-04  -1.54520860667935525e-04   1.03710138890265779e-04
  2P       49.213004  -7.48213462909563032e-01  -3.87806063240869137e-01   2.01947228692205882e-01  -9.68073839717223522e-02   3.73626012056988213e-02
  3P       44.065058  -2.61696914387321511e-01  -2.50771701619872556e-01   1.36625913569469321e-01  -6.38317983775702757e-02   2.56463294771664164e-02
  3P       26.877372  -3.34769661067184851e-02   6.72507177915566801e-01  -3.97677985743184026e-01   2.01255361065432153e-01  -7.85826596559314750e-02
  4P       26.873584   2.07587263843548551e-02   3.64074054249517109e-01  -3.88147186577326664e-01   2.43314486189911805e-01  -9.04029237116642653e-02
  4P       14.962805   8.44522667080092881e-03  -1.44458168091822686e-01   7.65178216339057915e-01  -1.24830776045997849e-01   6.94992449409691099e-02
  3P       14.943929  -1.01240581796585936e-02   2.94234250735320169e-01  -4.38197456813857522e-01   3.99323729021013984e-01  -1.93204280489172570e-01
  3P       10.636528  -3.32434537079211731e-03   3.15499549616504241e-02   7.93494601538247690e-01  -1.53745435406620423e+00   6.66637637623989199e-01
  3P        6.102765   7.06440651397323145e-04  -4.90940411915599846e-03   1.91731418478271812e-02   8.57362065118426608e-01  -1.91459063058216167e-01
  3P        4.908426  -3.73414103510448503e-04   2.19065591892786534e-03  -5.06883202634305242e-03   7.24484137013634899e-01  -8.39824906096589663e-01
  3P        2.276364   3.91061094614844336e-05  -1.87922141463340263e-04   2.10491857042835343e-04   9.38085934652515413e-03   1.03973017451755156e+00
  3P        1.544958  -1.52918849156968952e-05   7.42042536805288908e-05  -9.41558834135021092e-05  -2.74383278054359534e-03   2.58505857906966674e-01
        D                    3D             4D             5D             6D 
  BASIS/ORB.ENERGY  -1.36161208048104868e+02  -2.92484424631206892e+01  -4.43255113946956136e+00  -3.00354684672706262e-01
  3D       59.265068   2.71521792084211764e-03  -1.01217142808583075e-03   5.30669680749698688e-04  -7.64285429224971556e-05
  3D       33.881203   4.45287449698567928e-01  -2.48635775444453200e-01   1.09639296574826212e-01  -3.28603744140495216e-02
  4D       28.053792   5.00076971489537114e-01  -3.16995345849123755e-01   1.49587643294709166e-01  -4.27880993342075397e-02
  4D       18.841775   1.59884931660173035e-01   3.39410626761091211e-02  -5.99200652624616997e-02   7.60239778166261083e-03
  4D       14.814453  -5.05649221514531469e-02   5.36280851336173758e-01  -2.01263399738366683e-01   8.73945697357862705e-02
  4D       11.425834   1.72578621828192551e-02   5.32744508518526394e-01  -5.08933262058797742e-01   1.30368139139105277e-01
  4D        7.475720  -4.03310199820781055e-03   4.45061495131333501e-02   4.05618246545416505e-01  -9.35327272564040746e-02
  4D        5.271222   1.66846670154985007e-03  -7.38845723226201276e-03   7.51822264762382897e-01  -3.84827111792207965e-01
  4D        3.534011  -5.06543537713746608e-04   1.60719429919556453e-03   1.26698895878672141e-01   9.13174956883758965e-02
  4D        2.016503   1.19995142150694026e-04  -3.69354151356916381e-04  -5.32051995568153598e-04   6.76229178219027172e-01
  4D        1.175780  -3.36264346398756851e-05   8.64804369264528618e-05   3.20138516714057152e-05   4.05708697326012946e-01
        F                    4F             5F 
  BASIS/ORB.ENERGY  -1.63975018665152099e+01  -7.01512182999902145e-01
  4F       32.058387   1.73262024406183775e-02  -5.25466390284516464e-03
  4F       19.789922   2.53542300279747779e-01  -9.02484761361103949e-02
  4F       12.960840   5.41178941538276503e-01  -1.67838839441418752e-01
  5F        8.199212  -2.69379216206120042e-01   2.48999598657509785e-01
  4F        7.637119   5.35334425437661521e-01  -2.08763681283473695e-01
  4F        4.494502   7.26385915381149751e-04   5.44479249833192624e-01
  4F        2.762193   1.14509419641611041e-06   4.09728355597623883e-01
  4F        1.697246   2.66661724592445324e-05   1.02963477996948716e-01
 
