      SILVER   K(2)L(8)M(18)4S(2)4P(6)5S(1)4D(10), 2S                                 
   E = -5.19769846767392391e+03
   T = 5.19769847414818287e+03     V = -1.03953969418221059e+04     V/T = -1.99999999875439882e+00
  ORBITAL ENERGIES AND EXPANSION COEFFICIENTS
        S                    1S             2S             3S             4S             5S 
  BASIS/ORB.ENERGY  -9.13835596216295585e+02  -1.34878406633338642e+02  -2.59178241102128339e+01  -4.00149874485846802e+00  -2.19979662439500706e-01
              CUSP   1.00024568634282729e+00   1.00003177300930068e+00   1.00041881583701020e+00   1.00047548986226209e+00   1.00070440943146144e+00
  1S       81.922545  -2.49462690646187098e-02   3.97871640656879619e-02  -1.73559934937841283e-02   7.09216657122325837e-03  -1.48008420220691246e-03
  3S       60.961344   2.79319264213600919e-02  -4.05434246067051737e-02   1.82859470192490228e-02  -7.54554131579892109e-03   1.59587071088791114e-03
  1S       49.339744   9.72708781025825031e-01  -3.81060478513769674e-01   1.65445275575464235e-01  -6.85830031234505449e-02   1.43846802752345491e-02
  4S       36.344474  -3.37753639117091969e-02   9.69468508579392624e-02  -3.18903319086010009e-02   1.07918983145106877e-02  -1.97778389797301658e-03
  3S       22.846089  -3.62469323825457962e-02   4.27593317084392910e-01  -4.13905674478562191e-01   2.08634216054182337e-01  -4.61250580667407414e-02
  2S       22.824480   9.60285897937859928e-02   4.84127732294813040e-01  -2.67552714596814178e-01   1.24623119071784222e-01  -2.71508934857983206e-02
  4S       13.009377  -4.20405069087429178e-03  -8.24930626992158855e-02   4.96268277791580281e-01  -2.52775703991348133e-01   5.25889262842148611e-02
  4S        9.794366  -9.43365207244568123e-04  -2.69872279243066997e-02   2.22109935420159693e-01  -5.03522627808615342e-01   1.37407414460716554e-01
  2S        8.903696   8.21517960467588182e-03   1.88693110488071442e-01   4.96051491779794407e-01  -5.09573175141568302e-01   1.32000297773762737e-01
  2S        4.446178  -1.94098439537222669e-04  -5.02954671735067103e-04   2.82396303782862131e-02  -1.08301826426026607e-01  -4.94608550269055175e-02
  2S        3.589317   1.42519729042244619e-04   4.30938605839516046e-04  -8.69675331882704440e-03   1.46226182661870219e+00  -2.58864780077079026e-01
  2S        2.519920  -2.49160053013363217e-05  -1.36524070760962935e-04   1.75023091632366405e-03   1.66149974245636795e-01  -2.18784978130659530e-01
  2S        0.826013   2.88414778044248339e-06   2.16089436798687962e-05  -1.03093383335265952e-04  -2.10432033790502576e-04   5.41380434374055697e-01
  2S        0.663294  -1.91414101647256703e-06  -1.44947447280850632e-05   6.31369859613763044e-05   4.71691910841374052e-04   5.50249672868756479e-01
        P                    2P             3P             4P 
  BASIS/ORB.ENERGY  -1.25181580722699707e+02  -2.19454341657510064e+01  -2.67682006078675316e+00
              CUSP   1.00081299875948382e+00   1.00086289248531224e+00   9.99875074057810842e-01
  2P       58.031368  -1.19948089495902320e-02   2.77338435798177192e-02  -1.92409165530521425e-02
  3P       51.182468  -1.45275621536344497e-02   3.21882128860266972e-02  -2.21448529132081511e-02
  3P       33.533569  -9.10703158562500836e-02   1.54832964058352812e-01  -1.05627041618992626e-01
  2P       23.909244   9.16305269626668806e-01  -6.16869270508397904e-01   3.09609074942677143e-01
  3P       19.551930   2.25439460759431359e-01  -9.61452599605147756e-02  -1.07769896936050179e-02
  3P       10.860119   6.17417355765189930e-03   7.91165578542804671e-01  -3.41761709854091933e-01
  3P        8.237653  -1.96590948729050575e-03   3.36998505786223534e-01  -6.56952846634626164e-01
  3P        3.358709  -7.37820431499964266e-04  -1.38299396800311784e-02  -3.91536988740273539e-01
  2P        2.956246   8.76457211300913372e-04   2.37900479713393162e-02   1.72355527542152309e+00
  2P        1.903964   5.16856690655313213e-05   6.29656565350056324e-05   7.95093600041100051e-02
  2P        0.663294  -5.05007478671455102e-06  -5.07593866618918846e-06   4.69242745951741977e-04
        D                    3D             4D 
  BASIS/ORB.ENERGY  -1.46782001257462955e+01  -5.37400676588581261e-01
              CUSP   9.99118224467283933e-01   1.00092156087647810e+00
  3D       53.296212   6.64606765574019746e-04  -2.93560868145766539e-04
  4D       40.214567   3.72113064004065373e-03  -1.68380109582431025e-03
  3D       21.872645  -7.23130610478297988e-03   9.27966475798219434e-03
  3D       17.024065   1.79924644462997996e-01  -7.43377402127363140e-02
  3D       10.708021   5.20539462688545451e-01  -1.17933982697256218e-01
  3D        7.859216   3.26570512057637763e-01  -2.80904955267350542e-01
  3D        5.770205   3.73817622209416875e-02   1.65305087565481346e-01
  3D        3.610289   7.29076658965492901e-04   4.85197973866858423e-01
  3D        2.243262   1.61517373921924313e-04   4.31710984107919804e-01
  3D        1.397570  -5.25401227084765332e-05   1.73764326786789547e-01
  3D        0.663294   8.27524525155292015e-06   1.37507113206124200e-03
 
