      CADMIUM   K(2)L(8)M(18)4S(2)4P(6)5S(2)4D(10), 1S                                
   E = -5.46513313718844438e+03
   T = 5.46513318436171357e+03     V = -1.09302663215501580e+04     V/T = -1.99999999136832218e+00
  ORBITAL ENERGIES AND EXPANSION COEFFICIENTS
        S                    1S             2S             3S             4S             5S 
  BASIS/ORB.ENERGY  -9.55315353033318274e+02  -1.42006822815636298e+02  -2.77086251139277842e+01  -4.45053541492720584e+00  -2.64854783691762297e-01
              CUSP   1.00027437532945385e+00   1.00018505459971307e+00   1.00055596709946704e+00   1.00064393002887053e+00   1.00098624302960881e+00
  1S       83.516231  -2.62526715180203263e-02   3.99345863341375243e-02  -1.74771155234191740e-02   7.23493483427864199e-03  -1.70344783045810731e-03
  3S       62.584694   2.78637615340260984e-02  -3.88315506905512337e-02   1.75761848707198902e-02  -7.36726582772569052e-03   1.77151451737285405e-03
  1S       50.503156   9.72257239189986855e-01  -3.80399718926034525e-01   1.65928289553046698e-01  -6.97793029309295709e-02   1.65519954275898037e-02
  4S       37.421392  -3.54334580916898997e-02   9.64795961963804405e-02  -3.21859055441190423e-02   1.08675043529033698e-02  -2.09336501009548502e-03
  3S       23.543997  -3.76473526940776237e-02   4.43803296017403814e-01  -4.14671089602865639e-01   2.12721201960220263e-01  -5.41341789540799173e-02
  2S       23.541419   1.00640170728219125e-01   4.57739724597916398e-01  -2.53179539951918997e-01   1.20065940091902509e-01  -3.00341753814263208e-02
  4S       13.502173  -4.03846780937029345e-03  -8.61852048565493328e-02   5.08830857613738474e-01  -2.48276128901373933e-01   5.62245012218836396e-02
  4S       10.284092  -9.00451040867109422e-04  -2.50434054439497740e-02   2.60484839768359733e-01  -5.13985785679987206e-01   1.66090956819279406e-01
  2S        9.381965   8.11637263448465596e-03   2.00068356392992086e-01   4.22494611042484480e-01  -4.42235058445551055e-01   1.42370669224840152e-01
  2S        5.195588  -4.53927219682013838e-05  -2.25502970963033971e-03   4.12858747814923988e-02  -2.97485174368840921e-01  -2.42426880110030787e-02
  2S        3.843181   9.08667555219682844e-06   1.35203020054738463e-03  -7.02109724672632732e-03   1.50382381006220900e+00  -2.30171761911337563e-01
  2S        2.816065   3.17684095736004791e-06  -4.15027073614816604e-04   2.41761665294540091e-03   2.47364437608219856e-01  -3.67216087190475993e-01
  2S        0.968171  -1.11000239226576120e-06   4.15014235260600898e-05  -1.12698090905118472e-04  -1.74874838284776304e-04   6.46273744696708397e-01
  2S        0.727812   6.98237811657708151e-07  -2.42790592958731864e-05   6.44392237158695303e-05   1.39930078003524399e-04   4.86552365928709152e-01
        P                    2P             3P             4P 
  BASIS/ORB.ENERGY  -1.32047016145479432e+02  -2.35972365466689240e+01  -3.05350480379691591e+00
              CUSP   1.00098498472207842e+00   1.00056646263570403e+00   9.99041209561904231e-01
  2P       60.437885  -1.73275163812572526e-02   2.71936815677470377e-02  -1.77496607555372998e-02
  3P       53.012348  -2.15550237429720862e-02   3.29741814959481419e-02  -2.13434184404158317e-02
  3P       34.580438  -1.18504588766258329e-01   1.54528252843955244e-01  -9.98002803060137056e-02
  2P       24.629908   9.55007987328767238e-01  -6.14470392310729085e-01   3.00521127102813257e-01
  3P       19.895718   2.24525064344928027e-01  -1.07898164261280904e-01  -3.45512587730007837e-03
  3P       11.175126   3.40409770704089244e-03   8.02240835901896210e-01  -3.61530638244591362e-01
  3P        8.476139  -8.61055917965639974e-07   3.32105691164163830e-01  -6.83645982053494139e-01
  2P        4.269777  -6.38048793091133782e-04   1.10873321767294124e-02   2.96273407122242982e-01
  2P        3.164214   3.33241361990070097e-04  -6.26016677373514882e-05   1.06264933225766733e+00
  2P        2.145405  -1.00787329020239191e-04   2.26285878085058419e-04   1.17634833475140643e-01
  2P        0.727812   5.13321724431026194e-06  -2.13089248496389772e-06   8.82429043111032652e-04
        D                    3D             4D 
  BASIS/ORB.ENERGY  -1.60719733832721552e+01  -7.63658048254922561e-01
              CUSP   9.99248954627314445e-01   1.00070115520082825e+00
  3D       51.167417   9.06419926485597439e-04  -3.99927005170449309e-04
  4D       39.515824   4.31198927691172750e-03  -1.94980448366263541e-03
  3D       20.925917  -2.32940909151941322e-02   2.09998021604784826e-02
  3D       17.638488   1.97743208841130669e-01  -9.22260296891060094e-02
  3D       10.839796   5.71708325170033227e-01  -1.24266817534660706e-01
  3D        7.941688   2.45639252950892117e-01  -4.31127224217577432e-01
  3D        6.801382   6.04242998467588513e-02   2.82531393886898408e-01
  3D        3.849955   3.61831037880114758e-03   5.21136261163859360e-01
  3D        2.417483  -5.90154939177804281e-04   4.46907043029627582e-01
  3D        1.559278   1.64450329123321247e-04   1.35669680635500139e-01
  3D        0.727812  -2.14684530948916485e-05   3.90845256989902357e-04
 
