      IODINE   K(2)L(8)M(18)4S(2)4P(6)5S(2)4D(10)5P(5), 2P                            
   E = -6.91798088832542362e+03
   T = 6.91798091911430492e+03     V = -1.38359618074397295e+04     V/T = -1.99999999554944119e+00
  ORBITAL ENERGIES AND EXPANSION COEFFICIENTS
        S                    1S             2S             3S             4S             5S 
  BASIS/ORB.ENERGY  -1.17718629214478506e+03  -1.80949213658244986e+02  -3.79344623746793630e+01  -7.24435863773198374e+00  -8.21115320469944510e-01
              CUSP   1.00023485008725066e+00   1.00001525833211469e+00   1.00032552607511804e+00   1.00055131839251965e+00   9.99664597749005956e-01
  1S       90.775507   2.10909490393576746e-02  -4.36466176253017396e-02   1.93994614455898218e-02   8.28792515667874964e-03  -2.84889955944011598e-03
  3S       67.802436  -2.35691743859884201e-02   4.33922921060889352e-02  -1.98190718028225382e-02  -8.64387482751273646e-03   2.82736106101446477e-03
  1S       55.080861  -9.79003655350269786e-01   3.95759553894846239e-01  -1.76210737979520055e-01  -7.84928583885093484e-02   2.67571355943458239e-02
  4S       39.986811   3.03279304191017736e-02  -1.13519826056561954e-01   3.86090073926096400e-02   1.08024905256570210e-02  -5.29054826905195688e-03
  3S       23.497728   7.94189397927234503e-02  -3.41434719289811783e-02   2.25985751224135056e-01   1.17757199668440365e-01  -3.27963391539993834e-02
  4S       23.479689   7.48550317089256151e-03   1.48940217518828244e-01  -2.64419549275454691e-01  -2.07498466797577830e-01   7.01400509137532213e-02
  2S       19.940176  -1.35561911393491497e-01  -1.06278066183896702e+00   4.73210440972260393e-01   1.63104940284302197e-01  -5.31815270461621081e-02
  4S       15.302284   1.47789242635641997e-03   2.13102840853666108e-04  -7.81532262777067888e-01  -6.40752908861642712e-01   2.47921532387034071e-01
  4S       11.327208  -5.01390249403444507e-04  -3.25565433971194962e-04  -2.92032946718680075e-01  -6.59238665158544901e-01   2.64686687095059270e-01
  2S        4.191130   4.00326382921524406e-04   7.98831270211961810e-04  -1.31580395254653378e-02   1.98556048804251994e+00  -4.92184823215441658e-01
  3S        2.668132   5.37562030531917490e-04   7.99525869636307234e-04  -7.27947142363902233e-03   5.18184291038890632e-01   1.14064284941560956e+00
  2S        2.302372  -7.56517075893824815e-04  -1.16655096047130506e-03   1.15202778801337946e-02  -7.99251832734137913e-01  -1.54406420877971451e+00
  2S        1.436633  -1.01125285259508955e-05  -4.32794545079768905e-06  -2.44893200026746673e-04   1.79678092812252492e-02   1.20887609934873197e+00
  2S        0.897975   4.60502587054743569e-06   3.58920866834827197e-06   3.81945666877561761e-05  -1.52555051346243758e-03   2.94759266111546438e-02
        P                    2P             3P             4P             5P 
  BASIS/ORB.ENERGY  -1.69660340648693847e+02  -3.31223063875901289e+01  -5.47335606532883201e+00  -4.03179852316344511e-01
              CUSP   1.00080138366822213e+00   1.00096100859180703e+00   1.00021364977975646e+00   9.99617535564173432e-01
  2P       65.960053   1.40376750717487626e-02   2.35578156807526966e-02  -1.85450476055213885e-02   6.52160257037180408e-03
  3P       58.378207   1.61269640839803961e-02   2.64115251237551224e-02  -2.06004269080326229e-02   7.22660441336942828e-03
  3P       38.587026   9.32226552203707232e-02   1.25497650271176653e-01  -9.73138382636652560e-02   3.41602488047582434e-02
  2P       27.259158  -9.26195180604151069e-01  -5.89917232970337047e-01   3.29966339679729770e-01  -1.04981286073932617e-01
  3P       22.203480  -2.22760523899702717e-01  -1.36056025255475860e-01   1.85203168898262632e-02   3.95544490685420264e-03
  3P       12.897653   6.10359799707411652e-03   4.66875548935032358e-01   2.24373255444795527e-01  -1.16133426466171266e-01
  3P       11.549105  -9.81901676136077983e-03   5.42723358826465940e-01  -1.01729311196022731e+00   4.04801627718596846e-01
  3P        5.203779  -7.15781004387100721e-03  -2.97081337625093422e-01   9.31056407873610881e-01  -1.11248121436893263e-01
  2P        4.277522   1.04350617999132353e-02   4.92532304613915450e-01  -2.39082508248402187e-01   2.76321182748939687e-01
  2P        3.458100  -8.58185352758413975e-04  -7.21209970455555377e-02   5.53105245408164192e-01  -9.27814930653247827e-01
  2P        1.408252  -1.30355694062425013e-04   2.10096209240246681e-03   3.53953470991403554e-03   6.65169151571196493e-01
  2P        0.963088   3.74517101062266675e-04  -4.13531992274008327e-03   9.47460782724793304e-04   7.27258942062439573e-01
  2P        0.897975  -2.86852493960727231e-04   2.98205405279692746e-03  -3.32517053770442961e-04  -1.33158086034093209e-01
        D                    3D             4D 
  BASIS/ORB.ENERGY  -2.42856880120908407e+01  -2.40120423627698010e+00
              CUSP   9.99313378040753708e-01   1.00093486552560429e+00
  3D       58.400845   7.32277128622242884e-04  -4.54442174919605815e-04
  4D       45.117174   3.49346854429423296e-03  -2.23995931087165407e-03
  3D       24.132009  -2.94980156661715336e-02   3.30611924553216308e-02
  3D       20.588554   1.80445228140263453e-01  -1.12944248152267737e-01
  3D       12.624386   5.80735252236862620e-01  -7.29230181636999764e-02
  3D       10.217388   1.08592207545329986e-01  -5.29684228140088753e-01
  3D        8.680013   2.06075695822620836e-01   2.33581295288412122e-01
  3D        4.627159   2.64842008419796269e-03   7.20374072539617938e-01
  3D        3.093797  -4.88951467226310106e-04   3.70724834246345336e-01
  3D        1.795536   4.59229932544521683e-05   1.65929278902387442e-02
  3D        0.897975  -1.21188242103450290e-05  -1.88096121985766035e-04
 
