      INDIUM   K(2)L(8)M(18)4S(2)4P(6)5S(2)4D(10)5P(1), 2P                            
   E = -5.74016892107494004e+03
   T = 5.74017116340590292e+03     V = -1.14803400844808421e+04     V/T = -1.99999960936165500e+00
  ORBITAL ENERGIES AND EXPANSION COEFFICIENTS
        S                    1S             2S             3S             4S             5S 
  BASIS/ORB.ENERGY  -9.97800372000777315e+02  -1.49395337859510988e+02  -2.96245706598055314e+01  -4.97671092235621959e+00  -3.72656821310730413e-01
              CUSP   1.00030234885442448e+00   1.00016594290267902e+00   1.00044326716015020e+00   1.00059328680569659e+00   9.99977938687727108e-01
  1S       78.931670  -1.42156923077464276e-02   5.46511913019039897e-02  -2.33539051327471929e-02   9.29666352492771776e-03  -2.51155439141056286e-03
  3S       59.837425   1.75007473319367599e-02  -4.80727743998698512e-02   2.11347761276155337e-02  -8.57274774118715020e-03   2.23377058176802692e-03
  1S       50.067547   9.85909721437849496e-01  -4.17454159243194345e-01   1.81648788791001048e-01  -7.64166424671319233e-02   2.06026157321731879e-02
  4S       35.479347  -1.78593832542383868e-02   1.08049741116260201e-01  -2.86669446504148155e-02   4.38962105242353233e-03  -1.97616702200144106e-03
  3S       23.025101  -1.39946139547390755e-02   1.90005914128148684e-01  -5.74503325758417893e-01   4.09839089441752846e-01  -1.12849776591702464e-01
  2S       23.015102   4.71193053337478907e-02   5.14104150007598015e-01  -7.20264499237121658e-01   5.39960241935233620e-01  -1.54317031997650844e-01
  2S       17.915983   4.18371010211869500e-04   3.00693010312543363e-01   8.08296943194608097e-01  -8.28694201146502940e-01   2.42334126508826492e-01
  4S       13.827518   2.22610625179633741e-04   3.08114958320843818e-03   7.43314381258570300e-01  -5.46816059907272334e-01   1.66147368534036888e-01
  4S       10.265558  -1.41085735435852457e-04  -4.87674784480990754e-04   3.02210410087045189e-01  -6.06449580459797466e-01   1.97079197550905971e-01
  2S        3.763681   8.25016531379893460e-05  -1.26205191902696074e-04   1.07881513397106703e-02   1.54456052229069751e+00  -4.93001842791339961e-01
  2S        2.140831  -1.13825216656511513e-04  -4.62619949421943431e-05  -4.51217408618632097e-03   5.01475425652634782e-02  -6.81565694227802665e-01
  2S        1.711542   8.96261709465361137e-05   4.57545934701652054e-05   3.03440045824577339e-03  -1.53195106234575874e-02   6.09002392258267244e-01
  2S        0.959206  -1.96501051020842961e-05  -1.22993653699894874e-05  -5.22547288667646911e-04   1.16379012113184224e-03   9.73344305931863829e-01
  2S        0.628144   5.80978500954397217e-06   3.93291437220915965e-06   1.39348272846243342e-04  -2.09113187941141086e-04   2.33070966167908677e-02
        P                    2P             3P             4P             5P 
  BASIS/ORB.ENERGY  -1.39171828695855822e+02  -2.53741676159447103e+01  -3.50723361259036892e+00  -1.97279103866161348e-01
              CUSP   1.00132231425636475e+00   9.95094646925675175e-01   9.92521078114265709e-01   1.00218128411435470e+00
  2P       60.501482   1.63092078799760981e-02  -4.02456118527351539e-02  -2.59433372905314395e-02   3.97113184001684875e-03
  3P       53.257212   1.98773752882969029e-02  -4.64714206752368866e-02  -2.98640434882841838e-02   4.65459558426872984e-03
  3P       34.960599   1.11164045137999365e-01  -2.21283554066135618e-01  -1.41268734200721641e-01   2.14454693562106877e-02
  2P       24.975942  -9.57013722178866488e-01   7.34198216242647250e-01   3.78586323760951748e-01  -6.48550683629585123e-02
  3P       20.116604  -2.17980558991608980e-01   5.43246940611743362e-02  -3.09220187314624625e-02   6.85053168097474229e-04
  3P       11.258653   9.78170177331112722e-03  -7.35555150024520654e-01  -1.75046482894258143e-01   3.99156790452357274e-02
  3P        9.424572  -2.72977883090081801e-02  -3.64592039708239612e-01  -7.56668219088322602e-01   1.48253330322124843e-01
  3P        4.754638  -5.42702561369999281e-02  -5.47590672535079939e-02   1.15474602729138218e-01  -9.43596068627556156e-02
  2P        3.625842   1.04533360050058310e-01  -6.64965007998013918e-02   5.83895410758275557e-01  -1.01679154095830282e-01
  3P        2.688752   3.07317084823853087e-02  -1.07046687253530351e-01  -4.55536316042584322e-01  -6.44053986573362991e-02
  2P        2.453862  -6.42895961819198170e-02   1.88773240433294798e-01   1.09252661658213701e+00  -1.98061508847200141e-01
  2P        0.824472   2.52272007875137933e-04   2.61181797006752869e-03   4.17517887021469879e-03   5.63293090208490388e-01
  2P        0.628144  -1.45422274640325758e-04  -1.57682958166057460e-03  -2.05764007813756099e-03   5.43201771297035507e-01
        D                    3D             4D 
  BASIS/ORB.ENERGY  -1.75894716507644162e+01  -1.06317261171549093e+00
              CUSP   9.99139356787066890e-01   1.00059627607712454e+00
  3D       55.317221   7.43965466677060571e-04  -3.63825305263105125e-04
  4D       41.994493   4.03984937826051480e-03  -2.02316423386386147e-03
  3D       21.613292  -5.98588140983207714e-02   4.28556328981608697e-02
  3D       19.210472   2.04285783452235081e-01  -1.05847633454378781e-01
  3D       11.680393   5.03003709424377776e-01  -1.20273878717243612e-01
  3D        8.644928   3.58767062757383348e-01  -3.28592980764307485e-01
  3D        6.351845   4.74311790234377209e-02   1.66537556797379749e-01
  3D        3.983040   2.23871140604968286e-04   5.25326263699887108e-01
  3D        2.589850   3.04794003225495713e-04   4.48080067396802617e-01
  3D        1.716691  -8.60292586029961668e-05   1.02885037229387799e-01
  3D        0.628144   6.35247325659641213e-06   3.16220825540809139e-04

