      MOLYBDENUM   K(2)L(8)M(18)4S(2)4P(6)5S(1)4D(5), 7S                              
   E = -3.97554949736754270e+03
   T = 3.97554949694233392e+03     V = -7.95109899430987662e+03     V/T = -2.00000000010695578e+00
  ORBITAL ENERGIES AND EXPANSION COEFFICIENTS
        S                    1S             2S             3S             4S             5S 
  BASIS/ORB.ENERGY  -7.21202197889285912e+02  -1.02850600315135296e+02  -1.85845342836909779e+01  -2.76291727660196118e+00  -2.22729480712314520e-01
              CUSP   1.00031253378290486e+00   1.00013063182048501e+00   1.00042431664443310e+00   1.00043555865006240e+00   1.00077111646056327e+00
  1S       70.970218  -2.15604945828438040e-02   4.55853452773334195e-02  -1.97493339734486316e-02   7.65657449421568333e-03  -1.94631527943041945e-03
  3S       52.859118   2.59513194595171921e-02  -4.64250446267633898e-02   2.06068445163705635e-02  -8.03139390425786255e-03   2.07469753198404657e-03
  1S       43.594250   9.78783623559947302e-01  -3.92651495790167782e-01   1.66508868211055761e-01  -6.50497920445052419e-02   1.66003822644465275e-02
  4S       30.932320  -2.85310667408401088e-02   1.07880459993952488e-01  -3.78050020076422799e-02   1.28827535560064269e-02  -2.86519127209873070e-03
  3S       19.096160  -3.08301643988352775e-02   2.92646626541322452e-01  -3.86389567718991467e-01   1.86126920526614531e-01  -5.06313454978798011e-02
  2S       19.034201   7.84924166320036254e-02   6.59865551671746764e-01  -3.64639894267723419e-01   1.54786732715395309e-01  -4.07133516743936122e-02
  4S       10.703418  -3.70625141136191267e-03  -4.26760085417088805e-02   3.12149600752239464e-01  -1.34536654241826675e-01   3.05835709433795039e-02
  4S        8.196596  -1.44811050293818053e-03  -2.52856659276421078e-02  -2.87330451022945639e-02  -2.46069265504214957e-01   9.33507869166112225e-02
  2S        6.754842   8.51456121379409389e-03   1.18206772003846897e-01   9.70933062687470372e-01  -6.11756835672176202e-01   2.02533827782817644e-01
  2S        5.299063  -1.11919894582692097e-03  -1.13225948325306972e-02  -1.57333464309208112e-03  -2.26866795562230689e-01   2.05955770252570537e-02
  2S        2.917595   7.38010750534789554e-05   4.95329129528335405e-04   4.87050679565193684e-03   1.38143140224413852e+00  -3.40005266909172710e-01
  2S        2.061635  -2.00312754819060909e-05  -1.93641168525178904e-04  -3.15596417910153388e-05   1.49161233509216118e-01  -3.28502709740092713e-01
  2S        0.766969   1.89205887097423119e-06   1.40638782376276352e-05  -5.28575206591001952e-07  -5.70618171452193495e-03   1.07550644080238866e+00
  3S        0.667426  -8.26953899994695181e-07  -1.00561347908899211e-05  -9.16751122149550225e-06  -2.99035392357587242e-04   9.68828130572328972e-02
        P                    2P             3P             4P 
  BASIS/ORB.ENERGY  -9.44440907902863955e+01  -1.52865629958937514e+01  -1.72363557774076281e+00
              CUSP   1.00017604588397724e+00   9.99704775672251356e-01   1.00030049489540729e+00
  2P       67.532635  -6.35827518584244130e-03  -4.28930211859900306e-03  -2.02182625638632103e-03
  3P       55.500761  -1.29237583855106326e-02  -8.76779567545105457e-03  -4.15330432732908140e-03
  2P       33.311169   2.87160271748995721e-01   1.50245673916819644e-01   6.40296795824529807e-02
  3P       26.716574   3.56987002201340886e-01   1.69498338955184819e-01   6.74934621035641336e-02
  3P       19.618106   3.40013059604858559e-01   3.04697622721591177e-01   1.52895550328027902e-01
  2P       13.014445   1.13932089600062153e-01  -1.28152541637245043e-01  -1.38492912459586587e-01
  3P        9.180252  -4.23561153197353138e-05  -7.56660841221700076e-01  -2.78002941574221674e-01
  3P        6.831291   6.10298516268983947e-04  -3.26151017454938297e-01  -5.53520066399526445e-01
  3P        2.310849   2.00448764986369731e-04   7.37604599305595725e-03  -8.54687754806613964e-01
  2P        2.054575  -3.27249713180319539e-04  -1.24114284284241941e-02   2.12845290974938051e+00
  2P        0.667426  -2.97485025342999242e-06  -2.72186099778687346e-05   1.76449264791830179e-03
        D                    3D             4D 
  BASIS/ORB.ENERGY  -9.28422565471993444e+00  -3.57917826455124599e-01
              CUSP   1.00030508233360793e+00   1.00070815219319464e+00
  3D       44.896919   8.59563835700091847e-04  -2.53693013583938213e-04
  4D       34.167168   4.43987398150216470e-03  -1.33493355748096672e-03
  3D       16.927667   4.77824957534939230e-03   5.14536013252342092e-03
  3D       14.083737   1.96921391876882346e-01  -6.49624210283584885e-02
  3D        8.794719   6.29703201385754974e-01  -1.74025409929539243e-01
  4D        7.132066   1.95017387671038073e-01  -1.31427371618755451e-01
  3D        4.695625   5.48683927809541783e-02   9.36649676131368070e-02
  3D        2.791184   4.89895224976871291e-04   4.33946031742938776e-01
  3D        1.721238   1.43015376283229183e-04   4.48821699823047149e-01
  3D        1.089989  -6.26062025094751889e-05   2.21914646176204544e-01
  3D        0.667426   1.23799961878830605e-05   2.94962494202045001e-03
 
