      NIOBIUM   K(2)L(8)M(18)4S(2)4P(6)5S(1)4D(4), 6D                                 
   E = -3.75359772570475297e+03
   T = 3.75359772060162140e+03     V = -7.50719544630637392e+03     V/T = -2.00000000135953071e+00
  ORBITAL ENERGIES AND EXPANSION COEFFICIENTS
        S                    1S             2S             3S             4S             5S 
  BASIS/ORB.ENERGY  -6.85444023550622774e+02  -9.69748343171321210e+01  -1.72470695326936578e+01  -2.53747977529597302e+00  -2.15595353124897471e-01
              CUSP   1.00032312752297869e+00   1.00013491815968325e+00   1.00042295520608682e+00   1.00045521622645239e+00   1.00064418655402387e+00
  1S       69.224980  -2.07873756579997106e-02   4.55619201199503124e-02  -1.96604991530086454e-02   7.48378286466774411e-03  -1.92091246308063643e-03
  3S       51.473096   2.57240366397177601e-02  -4.70477972785099743e-02   2.07859835862718202e-02  -7.95963653244214676e-03   2.06184002182025579e-03
  1S       42.500584   9.78801458896645271e-01  -3.92579085605239131e-01   1.65454149830274178e-01  -6.34161965010993089e-02   1.63216103639794823e-02
  4S       30.023131  -2.82607212116968917e-02   1.08323939832575461e-01  -3.79880543269849741e-02   1.26979896821257793e-02  -3.00203773468589582e-03
  3S       18.478494  -3.00592124876297336e-02   2.80567677509255764e-01  -3.82650124105896772e-01   1.81025859104692488e-01  -4.89757888086528592e-02
  2S       18.468216   7.69286181091548144e-02   6.75293407787207256e-01  -3.71191709966443517e-01   1.54461203692840721e-01  -4.06997157182529060e-02
  4S       10.314928  -3.83666506340383335e-03  -4.10213259472141309e-02   2.81493894890024965e-01  -1.23538538482516863e-01   2.99072497706094238e-02
  4S        7.800341  -1.69714027656207400e-03  -2.68356802618192822e-02  -6.44415668687319532e-02  -2.26468903710463104e-01   8.43252555411809074e-02
  2S        6.414258   8.48825481691672934e-03   1.10070739500231843e-01   1.04957129343309741e+00  -6.93190621621085357e-01   2.13868872626400808e-01
  2S        4.657761  -8.05433079479823803e-04  -6.80733648721942950e-03  -1.77116509042175921e-02  -1.51575578490069696e-01   9.34584404305261948e-03
  2S        2.765297   1.10768493441295196e-04   6.31070401119106748e-04   5.77727249933712370e-03   1.40167596332673394e+00  -3.45698380947708661e-01
  2S        1.901811  -2.99703623950338858e-05  -2.04350823613386185e-04  -5.72998352877889254e-04   1.17419436495804205e-01  -3.36880039116294550e-01
  2S        0.740290   3.88192740363896061e-06   2.23087103209640189e-05   6.16819215999707572e-05  -5.87306507058851009e-03   1.10208270469975478e+00
  3S        0.656651  -1.73540079704611456e-06  -1.26231712913269622e-05  -3.98804789650215318e-05  -7.61192340260027181e-06   8.45055918168895054e-02
        P                    2P             3P             4P 
  BASIS/ORB.ENERGY  -8.88231280997967616e+01  -1.40814307982487303e+01  -1.55699503953312490e+00
              CUSP   1.00058746435547263e+00   9.99840746481664100e-01   1.00017885933184636e+00
  2P       61.188113  -9.58708539689981029e-03  -6.44302764748290804e-03  -2.87792738339728892e-03
  3P       51.173261  -1.72976600216158544e-02  -1.16231953088318223e-02  -5.20575851516648803e-03
  2P       31.939090   3.11576177001900878e-01   1.68473139539900396e-01   6.97654132945759453e-02
  3P       25.360587   3.83780839596532863e-01   1.90976789422359156e-01   7.49818708153257157e-02
  3P       18.624521   3.18545188918803179e-01   3.23617480193905183e-01   1.57775528560073014e-01
  2P       12.519467   9.14736796606223784e-02  -1.99346762292985452e-01  -1.63897384854594041e-01
  3P        8.779237   1.17726114358182024e-03  -7.63990162294198805e-01  -2.81929281752948457e-01
  3P        6.486416   1.38027611657393393e-04  -3.01876232314148230e-01  -5.17467505359577529e-01
  3P        2.181603   4.32731300603119302e-05   5.40743685160420887e-03  -8.45368753211004020e-01
  2P        1.942735  -9.27082999686351981e-05  -9.01905085373339022e-03   2.10481739537259394e+00
  2P        0.656651   1.97580162237317302e-07  -1.33220860567515098e-05   1.98570359230204087e-03
        D                    3D             4D 
  BASIS/ORB.ENERGY  -8.32929759978235573e+00  -3.00647437071855705e-01
              CUSP   9.99999771038198149e-01   1.00000172524888975e+00
  3D       43.214432   9.25899080115233017e-04  -2.36951070378045922e-04
  4D       33.016274   4.65948360014684440e-03  -1.20635804024469780e-03
  3D       14.004307   1.84567617428584824e-01  -4.80326857272797697e-02
  4D       13.637693   1.17910286707908485e-02  -1.08281465538801452e-02
  3D        8.606973   6.09296133926101158e-01  -1.47808680573855683e-01
  4D        6.975387   2.10002905140010132e-01  -1.22769556668475929e-01
  3D        4.590202   6.98855302223705399e-02   6.63924397103918956e-02
  3D        2.663261   1.11286371927939447e-03   4.00711551625212159e-01
  3D        1.622145   2.62209485692542923e-05   4.55884363790411973e-01
  3D        1.012512   6.95887903744178221e-05   2.59828419157011825e-01
  3D        0.656651  -1.16002905397582396e-05   5.83486803450985851e-03
