      RUBIDIUM   K(2)L(8)M(18)4S(2)4P(6)5S(1), 2S                                     
   E = -2.93835745218121247e+03
   T = 2.93835745505536943e+03     V = -5.87671490723658189e+03     V/T = -1.99999999902184911e+00
  ORBITAL ENERGIES AND EXPANSION COEFFICIENTS
        S                    1S             2S             3S             4S             5S 
  BASIS/ORB.ENERGY  -5.51457336910976892e+02  -7.50493462530682933e+01  -1.21331980508918313e+01  -1.52354860167827977e+00  -1.37866259876145814e-01
              CUSP   1.00039595234807521e+00   1.00021977954522678e+00   1.00038720834224493e+00   1.00042692589537907e+00   9.99637364401661954e-01
  1S       61.238288  -1.42901963030741021e-02   4.75271910157328906e-02  -2.02381660966442535e-02   6.81447289689185356e-03  -1.43564171323386854e-03
  3S       45.419154   2.16673096499208212e-02  -5.02720445700454849e-02   2.17621489810928097e-02  -7.36376077231879617e-03   1.50525902476831902e-03
  1S       37.904166   9.80531893931604004e-01  -3.97665640091005801e-01   1.63081109952875308e-01  -5.50565850763842721e-02   1.15904504524903182e-02
  4S       26.159754  -2.40894386137924070e-02   1.06822620049773609e-01  -3.91497827937159898e-02   1.19005305595938030e-02  -2.88364963982159226e-03
  2S       15.837093   6.47550006834182179e-02   8.07578443552193437e-01  -4.35677254313501128e-01   1.58036450408493706e-01  -3.32554694562931658e-02
  3S       15.837028  -2.66716231725806219e-02   1.60324641844909632e-01  -3.38097339729304336e-01   1.42298847192529804e-01  -2.94433503765320174e-02
  4S        8.856530  -4.39413531441003227e-03  -3.70807926916774042e-02   1.08605572721800103e-01  -4.95374592029424257e-02   1.40927565565035860e-02
  4S        6.318787  -2.42740974590483806e-03  -2.57555179570127836e-02  -1.94317466699117425e-01  -1.25018606358587248e-01   3.45714414629843883e-02
  2S        5.309624   8.92981453582312665e-03   8.87271850784793897e-02   1.33310270842967671e+00  -7.45995421503077960e-01   1.63226103778972287e-01
  2S        2.093831  -1.04979551042659906e-04   3.36453221895280822e-05  -2.26171083880250109e-03   1.18887133173252613e+00  -2.98586023162277558e-01
  2S        1.544223   1.02241559659843113e-04  -2.10532938369556764e-04   3.98725022040900129e-03   1.41089187780228609e-01   3.69530393891291751e-03
  2S        1.011039  -4.57162159429991735e-05   1.28014318942609083e-04  -1.64233881893167412e-03  -1.56495859472565390e-03  -3.64402813273921045e-01
  2S        0.525141   2.14901028741690724e-05  -6.89564972995066773e-05   7.28975662507957544e-04   1.53386583227154246e-04   1.23766048475755630e+00
  3S        0.525102  -1.02760330096122805e-05   3.38481309699704969e-05  -3.47542094373814320e-04   3.46004874452959224e-04   3.44653147365665963e-02
        P                    2P             3P             4P 
  BASIS/ORB.ENERGY  -6.79062305888219981e+01  -9.48769410692439941e+00  -8.10070284745978086e-01
              CUSP   1.00092319803391638e+00   9.99182797410948509e-01   9.99542809529778142e-01
  2P       58.153213  -4.88184341234883593e-03  -3.32105793603034490e-03  -1.17550643072555829e-03
  3P       47.226370  -1.11041753709516904e-02  -7.43028910987709838e-03  -2.63740646784285833e-03
  2P       27.305393   3.35048416349145006e-01   1.69269026633927150e-01   5.49193247524103270e-02
  3P       21.943275   4.12358188033756345e-01   1.98350399340937233e-01   6.18436260068505050e-02
  3P       15.955742   3.16555940070085695e-01   3.17044348422987621e-01   1.18071861811839138e-01
  2P        9.305393   3.65874087611860119e-02  -3.20739640439085538e-01  -1.59824974277270992e-01
  3P        7.290585  -9.82648833967300194e-04  -7.03811986637876363e-01  -2.12542350112391559e-01
  3P        5.311460   6.26304208802186207e-04  -2.60875989059127233e-01  -3.59829176463865918e-01
  3P        1.664002   9.87667911265547655e-05   4.96695070895489081e-03  -5.90888952890879393e-01
  2P        1.475167  -1.41384647769357942e-04  -7.78207652906283236e-03   1.75726183755418996e+00
  2P        0.525102  -1.70409615943760269e-06  -7.13781179235693977e-06   2.47323510221318221e-03
        D                    3D 
  BASIS/ORB.ENERGY  -4.73229158606611122e+00
              CUSP   9.99255932780343525e-01
  3D       35.762583   1.40993925555090642e-03
  4D       27.863840   6.10882996065512714e-03
  3D       11.927910   1.91108571013207607e-01
  3D        7.697962   4.08271981359225211e-01
  3D        5.232765   4.10374030235240772e-01
  3D        3.513352   7.83208307718291641e-02
  3D        1.532313   5.68670386264219789e-04
  3D        0.525102  -2.69281649390975942e-05
 
