      RHODIUM   K(2)L(8)M(18)4S(2)4P(6)5S(1)4D(8), 4F                                 
   E = -4.68588168571169172e+03
   T = 4.68588367317427947e+03     V = -9.37176535888597209e+03     V/T = -1.99999957586173172e+00
  ORBITAL ENERGIES AND EXPANSION COEFFICIENTS
        S                    1S             2S             3S             4S             5S 
  BASIS/ORB.ENERGY  -8.34039419338740004e+02  -1.21563604462489792e+02  -2.28795785825236528e+01  -3.50389748093182174e+00  -2.21620987888592358e-01
              CUSP   1.00027521775233419e+00   1.00019276397567092e+00   1.00012203721909287e+00   1.00189402253545379e+00   1.00058510384907096e+00
  1S       77.024171  -2.34301822651540245e-02   4.31651928116164665e-02  -1.88325930746200167e-02   7.50473221810510002e-03  -1.71891308691563883e-03
  3S       57.422340   2.67436863300963348e-02  -4.37054219489164467e-02   1.92574152073133262e-02  -8.38066488068821627e-03   1.81145017888411654e-03
  1S       46.951633   9.76648407149740549e-01  -3.88235367497162531e-01   1.67198051273694914e-01  -6.78826201432319726e-02   1.55363596621007106e-02
  4S       33.967751  -3.05817901709838982e-02   1.00951672161934874e-01  -3.71809634078460460e-02   6.80768709378471587e-03  -2.42335011263432581e-03
  3S       21.231867  -3.17104263844272885e-02   3.74764564782334775e-01  -3.97961909802730829e-01   2.19484138017724068e-01  -4.89785781488410593e-02
  2S       21.219242   8.48455091686165092e-02   5.65655334859560210e-01  -3.09503941421225170e-01   1.43521569322226539e-01  -3.27860454291126341e-02
  4S       12.051536  -3.02996290275799789e-03  -5.01080807539397710e-02   4.25215632533496868e-01  -1.32682526710594079e-01   3.61408292013584986e-02
  4S        9.357721  -1.28270756259830183e-03  -3.33802285625027645e-02   6.42552965611712934e-02  -3.81885852395594749e-01   1.07083751986414163e-01
  2S        8.131190   5.96439757156850495e-03   1.09889110999908210e-01   3.62765217942766727e-01  -3.39182464810796946e-01   8.09064344485927039e-02
  2S        6.958132   7.28970694299029844e-04   3.00639740456421674e-02   3.82413715275963628e-01  -4.09065262469855195e-01   1.03588335226723574e-01
  2S        3.298265  -8.70988969117857933e-05  -2.56768452762201355e-03  -7.81812667118810499e-04   1.38750064792555849e+00  -3.55925181480621300e-01
  2S        2.284775   4.06631793189892772e-05   1.08678323310287752e-03   2.66770663155688377e-03   1.45756808633896923e-01  -2.19065374722183875e-01
  2S        0.825117  -1.30640416028755150e-05  -3.54953174419688194e-04  -8.78325271512856473e-04  -5.86509686513093844e-03   5.63002320863357220e-01
  2S        0.665761   8.93098731120535715e-06   2.40658453216343509e-04   6.10797428784006185e-04   3.32881092855259741e-03   5.52046666182284151e-01
        P                    2P             3P             4P 
  BASIS/ORB.ENERGY  -1.12386133692435934e+02  -1.91795578516455585e+01  -2.29115279038345676e+00
              CUSP   1.00085122393537018e+00   9.99471094621170231e-01   9.99113615188890414e-01
  2P       70.788924  -4.50466575620201912e-03  -3.77976146949878964e-03  -2.52569144989172462e-03
  3P       58.080359  -9.44150020489628594e-03  -7.84871513753298590e-03  -5.23988254654859931e-03
  2P       34.589353   2.44486371232193134e-01   1.34254130891699991e-01   7.64070106873118160e-02
  3P       28.182221   2.51499992963029717e-01   1.02645327978716241e-01   4.81615910741269582e-02
  3P       22.750752   1.48712415894674294e-01   1.99835628538769849e-01   1.49539941376029856e-01
  2P       16.701338   4.18864835400856839e-01   9.17432938346087190e-02  -9.58369080301144649e-02
  3P       10.300968   3.78062567966421393e-03  -7.53386046253129216e-01  -2.97573393465129232e-01
  3P        7.763781  -5.13298273231872488e-04  -3.68623779620542602e-01  -6.25498842465912919e-01
  3P        2.693156   3.06185486050923275e-05   1.04529189052492665e-02  -8.70906133428622442e-01
  2P        2.388176  -1.04687985332586962e-04  -1.73828684696251019e-02   2.18469357197795944e+00
  2P        0.665761   2.82385028819657153e-07  -3.48504538619426576e-05   1.53409513256492179e-03
        D                    3D             4D 
  BASIS/ORB.ENERGY  -1.24212528843235308e+01  -4.50205182041456375e-01
              CUSP   9.99725095711027634e-01   1.00003323050398607e+00
  3D       48.021841   9.28548417227797193e-04  -3.40884961353680430e-04
  4D       36.790557   4.65362782931855526e-03  -1.75093693609497912e-03
  3D       19.119353   8.55816163027392496e-02  -2.56810224839165539e-02
  4D       17.773712   8.22421524879454607e-02  -3.21406451051057598e-02
  3D       10.020134   6.54460516422365357e-01  -2.15335661709562143e-01
  4D        8.170279   2.03834793940896514e-01  -1.73046983637409363e-01
  3D        5.403773   5.24680768709695627e-02   1.50784551396502930e-01
  3D        3.223903   1.09107590774664060e-03   4.97573553159854964e-01
  3D        1.964992   4.07053700563938126e-04   4.29926135082772498e-01
  3D        1.227727   1.28202836231951987e-04   1.65008629631457127e-01
  3D        0.665761   5.77816386778886964e-07   7.16383440436524073e-04
 
