      RUTHENIUM   K(2)L(8)M(18)4S(2)4P(6)5S(1)4D(7), 5F                               
   E = -4.44153946048487524e+03
   T = 4.44154243852579202e+03     V = -8.88308189901066726e+03     V/T = -1.99999932950299186e+00
  ORBITAL ENERGIES AND EXPANSION COEFFICIENTS
        S                    1S             2S             3S             4S             5S 
  BASIS/ORB.ENERGY  -7.95513379571079327e+02  -1.15158715447045438e+02  -2.14138278916009099e+01  -3.25712194940454047e+00  -2.22429341422134275e-01
              CUSP   1.00026133457008770e+00   1.00007128886717656e+00   1.00010152649969264e+00   1.00266591857280041e+00   1.00149007243207211e+00
  1S       75.587991   2.32842777971471494e-02   4.27178029543801505e-02  -1.85649600167769914e-02   7.28195058059755672e-03  -1.73567374031212765e-03
  3S       56.101603  -2.74012657365474872e-02  -4.45239194258700011e-02   1.96291474544599345e-02  -8.67697016437312188e-03   1.97134798657905329e-03
  1S       45.917485  -9.76096779167340278e-01  -3.87063995950544582e-01   1.65814897534560912e-01  -6.64387330981310448e-02   1.58394728646646769e-02
  4S       33.095826   3.07650591912410828e-02   1.01999727740973697e-01  -3.67595197417825564e-02   3.88462504283358526e-03  -1.67064802356760625e-03
  2S       20.646878  -8.49447702564194718e-02   5.75396080210322736e-01  -3.15206025703840431e-01   1.46319171064224013e-01  -3.49157780758979838e-02
  3S       20.626049   3.19107750473796650e-02   3.66952508187158410e-01  -3.97758935133306901e-01   2.26105006824357718e-01  -5.31542248360910574e-02
  4S       11.711121   3.21881626272231026e-03  -4.72777504783844713e-02   3.99811758635461978e-01  -9.04311523534502698e-02   2.56876518837477232e-02
  4S        9.098967   1.33993747840826074e-03  -3.01595346915083558e-02   7.14706258368220104e-02  -3.86057178268788270e-01   1.12059151228632206e-01
  2S        7.950497  -6.06865854861699059e-03   1.04651165656048206e-01   3.71815033605473744e-01  -3.43998369136202076e-01   8.48122442140838290e-02
  2S        6.803507  -1.01459968306930113e-03   2.70571162659929004e-02   3.95979679476226032e-01  -4.23890534626970683e-01   1.12793153236073987e-01
  2S        3.167893   1.09349621465630543e-04  -2.18525399941928329e-03   4.50397507945186134e-04   1.36057692240225747e+00  -3.49512498156745288e-01
  2S        2.231223  -5.43034522810367852e-05   9.67071031555009051e-04   2.04744803688113345e-03   1.56230944711712949e-01  -2.52676804651457032e-01
  2S        0.817674   1.80397673401350206e-05  -3.20160983867063555e-04  -7.17044827684221197e-04  -8.02873292419006325e-03   5.89062218646045577e-01
  2S        0.666974  -1.24612464900172906e-05   2.17202956643294934e-04   5.03396125653965778e-04   4.05360297498611084e-03   5.39127714841798888e-01
        P                    2P             3P             4P 
  BASIS/ORB.ENERGY  -1.06239311054868779e+02  -1.78486895851633776e+01  -2.10124485199368172e+00
              CUSP   1.00083911799766589e+00   9.99642475890616611e-01   9.99769110429199026e-01
  2P       68.619796  -5.04844125987040024e-03  -4.10655496196855440e-03  -2.46514324200161053e-03
  3P       56.514248  -1.02845909233672764e-02  -8.30622858470307993e-03  -4.99208034318475262e-03
  2P       33.820701   2.70148338291306689e-01   1.51850340745519813e-01   7.92597479903655033e-02
  3P       27.555949   2.93192330285761082e-01   1.38228494595002277e-01   6.47000938069929726e-02
  3P       21.389947   2.13262189932073770e-01   2.52099666276267453e-01   1.65167357839596324e-01
  2P       15.693563   2.98381765831083556e-01  -1.82721060662535927e-02  -1.37637509662592222e-01
  3P        9.931706   2.98680074517086204e-03  -7.58641432739238786e-01  -2.94762174826470158e-01
  3P        7.447787  -2.59707521697128340e-04  -3.53881095468007112e-01  -6.03198524507534306e-01
  3P        2.569516   5.50936328717329139e-05   8.93866525058856741e-03  -8.68097098040340964e-01
  2P        2.280173  -1.31364343903389542e-04  -1.47988314524763690e-02   2.17116398767283902e+00
  2P        0.666974  -7.43678995516386761e-08  -2.97704786130963272e-05   1.58205209029805617e-03
        D                    3D             4D 
  BASIS/ORB.ENERGY  -1.13432766567658998e+01  -4.12789606107785478e-01
              CUSP   9.99799184095093163e-01   1.00042067180824046e+00
  3D       48.181841   7.66896247303919948e-04  -2.57141281141506353e-04
  4D       36.523583   4.10533729083246285e-03  -1.40404463752276539e-03
  3D       17.717806   1.07265498137182780e-01  -3.18842446513908501e-02
  4D       16.634643   7.33513835364077021e-02  -2.89676467635725833e-02
  3D        9.655157   6.34617500284085034e-01  -1.96110135421802306e-01
  4D        7.941762   1.97184829434013886e-01  -1.54561779095911539e-01
  3D        5.347505   6.81119231299990996e-02   1.00289486105938477e-01
  3D        3.199141   1.03539839384917602e-03   4.58118801504649731e-01
  3D        1.968988   4.09096556503776290e-04   4.50400086059521032e-01
  3D        1.217727   5.89033891446205139e-05   2.09503944974313683e-01
  3D        0.666974   1.21080282214774756e-05   2.92170018334291827e-03

