      ANTIMONY   K(2)L(8)M(18)4S(2)4P(6)5S(2)4D(10)5P(3), 4S                          
   E = -6.31348531364051905e+03
   T = 6.31348532063368202e+03     V = -1.26269706342742011e+04     V/T = -1.99999999889234514e+00
  ORBITAL ENERGIES AND EXPANSION COEFFICIENTS
        S                    1S             2S             3S             4S             5S 
  BASIS/ORB.ENERGY  -1.08558904050197316e+03  -1.64757952076977290e+02  -3.36362155466910764e+01  -6.06318291900802553e+00  -5.81773432080587294e-01
              CUSP   1.00029505844507827e+00   1.00018192221338742e+00   1.00045234772968139e+00   1.00050856253385012e+00   9.99544058591970375e-01
  1S       81.669053  -1.34638065400039426e-02  -5.66828616920592859e-02   2.43091683037916333e-02   9.89276088070869218e-03  -3.13526667470656476e-03
  3S       62.093595   1.65381271682801673e-02   4.87504184149177705e-02  -2.14849643323235702e-02  -8.84848654885486002e-03   2.64110936979521441e-03
  1S       52.030871   9.86822617334861985e-01   4.22476507877259932e-01  -1.85213157378431859e-01  -7.99184756785069339e-02   2.49249438739907632e-02
  4S       36.759376  -1.72073665244119670e-02  -1.13704675271694797e-01   3.04472286671423689e-02   5.42436663015453610e-03  -3.74078009028227512e-03
  3S       23.815342  -1.24992035159971603e-02  -1.25200022945333028e-01   6.81970530227623661e-01   5.27727572544196111e-01  -1.58489293983114427e-01
  2S       23.814678   4.54532597278454811e-02  -4.27309381471377092e-01   1.06610046504191347e+00   8.99530385102201624e-01  -2.83271542439554824e-01
  2S       19.636087  -1.02834743065117703e-03  -4.43874767500367640e-01  -1.24037759837847283e+00  -1.29252676308679848e+00   4.09170342731598025e-01
  4S       14.494462   3.05445424675114573e-04  -4.23410318091754865e-03  -7.71327451906091976e-01  -6.11193230588972902e-01   2.16527127831731753e-01
  4S       10.724371  -2.02670071002862155e-04   9.32512177259869901e-04  -2.83706968036665952e-01  -6.25981097481491666e-01   2.29714670654190489e-01
  2S        4.044819   1.73274844080439124e-04  -1.03559800241662895e-04  -1.00799506581827781e-02   1.65240745262968214e+00  -5.05131389723467938e-01
  3S        2.384963   1.23376382937772305e-04  -1.95077668100415610e-04  -1.47705563503719418e-03   2.04459544971796053e-02   4.90261373378285181e-01
  2S        2.360123  -1.88435900637624545e-04   2.80776551949701977e-04   3.13417992661976785e-03  -2.86870470383166418e-02  -7.17036949968216430e-01
  2S        1.204949  -3.11146821266048825e-05   5.14698797727927820e-05   1.83104933195397002e-04  -2.32483845116053045e-03   1.06590055824140650e+00
  2S        0.818182   9.31143974972954651e-06  -1.56967293081906553e-05  -3.92038294932925118e-05   6.02506932461864498e-04   3.07137607912908832e-02
        P                    2P             3P             4P             5P 
  BASIS/ORB.ENERGY  -1.54003784199849321e+02  -2.91061439750770212e+01  -4.44471667191053132e+00  -3.34711091327022314e-01
              CUSP   1.00091085053112017e+00   1.00092469213846336e+00   1.00014249361046681e+00   9.99552699102193687e-01
  2P       62.951697   1.55815933826102138e-02   2.62121192889382681e-02  -1.88222549388511566e-02   5.58494537297084519e-03
  3P       55.728392   1.79260111287519834e-02   2.93207030372936474e-02  -2.08712273100950599e-02   6.17901083636985052e-03
  3P       36.852535   1.02030481732892808e-01   1.38913783096426935e-01  -9.84835274827215168e-02   2.91815108526323162e-02
  2P       26.182019  -9.37385336096285382e-01  -6.04137946746850840e-01   3.16757631715919086e-01  -8.69754502357064918e-02
  3P       21.277839  -2.22145856495687355e-01  -1.21762433337911688e-01   6.21799784531392331e-03   4.49816210679617346e-03
  3P       12.070084  -5.59075270495472724e-04   7.41163381911027930e-01  -2.03898749192005652e-01   4.27734823260410221e-02
  3P       10.015351  -3.56840953520235881e-03   3.19060550971453583e-01  -7.39386278852545153e-01   2.49444812008512956e-01
  3P        4.633217  -5.87689001773118811e-03  -1.99593258456978090e-01   3.80619080921211550e-01   2.64355957729410160e-03
  2P        3.778525   7.94814454855906523e-03   3.03615782168810244e-01   8.48000277912648204e-01  -2.82721277299539997e-01
  2P        2.345676  -3.43205949366297833e-04  -4.16810240943009114e-02   1.81601612647734389e-01  -5.31652476663765472e-01
  3P        2.323959  -4.10703775240692687e-05   1.43905035912249377e-02  -4.29907768200593621e-02   1.53651242615573225e-01
  2P        1.067563   7.46323501826807447e-05  -1.07188316139368231e-03   3.64786015130503767e-03   8.38775848094187926e-01
  2P        0.818182  -3.52450324640578690e-05   3.83434558753659323e-04  -1.27291614908422394e-03   3.45967927882543380e-01
        D                    3D             4D 
  BASIS/ORB.ENERGY  -2.07980724607917509e+01  -1.68786440191244647e+00
              CUSP   1.00016732204938719e+00   1.00041098689749930e+00
  3D       56.325199   7.56003252193679777e-04  -4.60434540313982700e-04
  4D       43.270728   3.72872825633416543e-03  -2.36889254314347122e-03
  3D       23.861190  -1.69675172785023927e-02   2.10007087434406353e-02
  3D       19.352127   1.73537196864062992e-01  -9.76375985571445726e-02
  3D       12.040675   5.42380185879290044e-01  -8.42343637113887878e-02
  3D        9.494720   1.96239289098597808e-01  -4.61567176752356645e-01
  3D        7.952780   1.53208681381596906e-01   2.03766705127004122e-01
  3D        4.413147   3.24781948655420262e-03   5.90442226433867234e-01
  3D        2.960090  -6.00171957963386714e-04   4.50665637189104851e-01
  3D        1.974195   9.77381220123305148e-05   6.69669147009710752e-02
  3D        0.818182  -1.18250780313149244e-05   4.18033261020796015e-04
 
