      TIN   K(2)L(8)M(18)4S(2)4P(6)5S(2)4D(10)5P(2), 3P                               
   E = -6.02293168935491121e+03
   T = 6.02293168606194649e+03     V = -1.20458633754168586e+04     V/T = -2.00000000054673821e+00
  ORBITAL ENERGIES AND EXPANSION COEFFICIENTS
        S                    1S             2S             3S             4S             5S 
  BASIS/ORB.ENERGY  -1.04122334471353201e+03  -1.56977575301375907e+02  -3.15989773144601500e+01  -5.51249968657009326e+00  -4.76435644074961806e-01
              CUSP   1.00029779060839163e+00   1.00018117110245752e+00   1.00046247637007713e+00   1.00054801516877512e+00   9.99753804860667228e-01
  1S       80.455846  -1.44976596025688242e-02   5.53117716817210850e-02  -2.37179942970034939e-02   9.58151343309610395e-03  -2.83068206788132009e-03
  3S       61.077522   1.74733711430699080e-02  -4.81742830792094567e-02   2.12480391386863678e-02  -8.70621445902442989e-03   2.45162848209070023e-03
  1S       51.100199   9.86289263958030626e-01  -4.18968459707106444e-01   1.83085446068252278e-01  -7.80921446302045019e-02   2.28801623275320526e-02
  4S       36.186771  -1.79256039535389058e-02   1.10667982424452666e-01  -2.98279068910987585e-02   5.38698850726802066e-03  -2.92984451330110911e-03
  3S       23.454426  -1.37471908679221780e-02   1.71660815318893573e-01  -6.05587537815085453e-01   4.43418479010465993e-01  -1.29051394400363562e-01
  2S       23.445269   4.71831226090334219e-02   4.93188761078271309e-01  -8.11021668802350715e-01   6.35317077759456006e-01  -1.93284820714126476e-01
  2S       18.620156   2.30782263875754696e-05   3.36293695938134907e-01   9.22959936267402026e-01  -9.54285252115659177e-01   2.94572836001783467e-01
  4S       14.151788   2.65629439673228083e-04   3.48797551210508613e-03   7.57497204607239571e-01  -5.79027270422911799e-01   1.92227769596151787e-01
  4S       10.492947  -1.71810191993291921e-04  -6.48507048423907343e-04   2.91548459847673025e-01  -6.15159177893057074e-01   2.14947939497999202e-01
  2S        3.907598   1.19127666970115394e-04  -6.68978198611043740e-05   1.06615781169954772e-02   1.59094388610650950e+00  -5.09079537560687356e-01
  2S        2.390486  -1.50725450299611365e-04  -1.21030927445638895e-04  -3.88489924531764796e-03   1.58645168544684252e-02  -7.60792950159736581e-01
  2S        1.849969   1.10137295828716605e-04   1.00648416768494935e-04   2.20683957399611013e-03   4.06954756255955338e-03   6.25993822538627454e-01
  2S        1.078565  -2.83042808152849848e-05  -2.78591662391479344e-05  -4.27987519198150463e-04  -9.27277112566943836e-04   9.90754969188820223e-01
  2S        0.728067   8.31927208509023990e-06   8.51794813541536211e-06   1.09281621837811481e-04   2.78791188275384942e-04   2.44080953271521295e-02
        P                    2P             3P             4P             5P 
  BASIS/ORB.ENERGY  -1.46489262409568141e+02  -2.72090410630224433e+01  -3.96905400090064164e+00  -2.65040825998042684e-01
              CUSP   1.00097182375207883e+00   1.00099033753231148e+00   1.00020721872405560e+00   9.99221182868368585e-01
  2P       61.677788   1.61148465715237714e-02   2.77045111418102383e-02  -1.92547076491904369e-02   5.18823044829780713e-03
  3P       54.522439   1.88179038888482662e-02   3.14142480218516026e-02  -2.16512489444827538e-02   5.81646504839984733e-03
  3P       35.964661   1.06685164220337289e-01   1.48468638613430959e-01  -1.01933041970520472e-01   2.74402024514552624e-02
  2P       25.612520  -9.44817460287667998e-01  -6.16853554882646149e-01   3.16854949290753196e-01  -7.89460952523473869e-02
  3P       20.778057  -2.20176984298935174e-01  -1.12797031212502147e-01  -9.98479924253809235e-05   5.65543209106775680e-03
  3P       11.733191  -1.46567868025665525e-03   7.76108664675163373e-01  -2.74931580006834930e-01   5.95664059436119206e-02
  3P        9.474605  -2.62504272076709809e-03   2.99535341917566589e-01  -7.02919201904160240e-01   2.13320003542029651e-01
  3P        4.444605  -5.13730930624875168e-03  -1.56988029567675491e-01   1.82988646749356665e-01   5.30089134683827401e-02
  2P        3.619249   6.98184617628210599e-03   2.40208018290215708e-01   1.07834809750490468e+00  -3.39907503087064911e-01
  2P        2.253177  -3.51194393863636515e-04  -3.43693604170901765e-02   1.73945227413535713e-01  -3.85145318162545103e-01
  3P        2.247672  -2.62759312235574058e-06   1.18780168548092094e-02  -3.69185741715073110e-02   7.76064642818346251e-02
  2P        0.955341   4.94094383057298666e-05  -6.73480756509115723e-04   2.78498664667460333e-03   7.34677428849881187e-01
  2P        0.728067  -2.48886114294343990e-05   2.59497069220314402e-04  -7.69992349497448177e-04   4.20994854604356983e-01
        D                    3D             4D 
  BASIS/ORB.ENERGY  -1.91633545329037176e+01  -1.36904391253027868e+00
              CUSP   9.99925705648864405e-01   1.00071791552877110e+00
  3D       55.746534   7.57048016350914837e-04  -3.96640404300199788e-04
  4D       42.546716   3.92924692006069165e-03  -2.12403692192751799e-03
  3D       22.054380  -4.94591145398719859e-02   4.12741229207775756e-02
  3D       19.421508   1.99659061446632674e-01  -1.11213215112267658e-01
  3D       11.855840   5.21799170979689531e-01  -1.07489254542739651e-01
  3D        9.048137   2.84410150665345030e-01  -3.90177404240116821e-01
  3D        7.315308   9.38142032072262488e-02   1.67357419510655997e-01
  3D        4.324680   2.46449004190830686e-03   5.21527120088693397e-01
  3D        2.880503  -1.79762198960770146e-04   4.82793512951955939e-01
  3D        1.913171   6.29307149755062074e-06   1.04083903466746494e-01
  3D        0.728067  -1.88779155355831045e-06   4.03113052614879007e-04

