      STRONTIUM   K(2)L(8)M(18)4S(2)4P(6)5S(2), 1S                                    
   E = -3.13154568454588571e+03
   T = 3.13154568990217331e+03     V = -6.26309137444805856e+03     V/T = -1.99999999828957042e+00
  ORBITAL ENERGIES AND EXPANSION COEFFICIENTS
        S                    1S             2S             3S             4S             5S 
  BASIS/ORB.ENERGY  -5.83687883571372709e+02  -8.03907953457507034e+01  -1.34750282961999854e+01  -1.89681161998451842e+00  -1.78456119273872837e-01
              CUSP   1.00036484160199457e+00   1.00015396726302574e+00   1.00044659123025870e+00   1.00057615457620974e+00   1.00093439330417544e+00
  1S       63.847506  -1.77545165902685438e-02   4.54456215032838715e-02  -1.93041628105857614e-02   6.81694311443287529e-03  -1.75077606255247026e-03
  3S       47.274210   2.43267478435071141e-02  -4.85780891967770509e-02   2.11161040411730720e-02  -7.52856302356163208e-03   1.96396652092156515e-03
  1S       39.188703   9.78945960265732440e-01  -3.92418456997242648e-01   1.61873426488183703e-01  -5.74661968339483589e-02   1.48069382481400575e-02
  4S       27.364721  -2.67644605698067299e-02   1.06958381819875686e-01  -3.68654717778740676e-02   1.11915115550653352e-02  -2.50551484190386599e-03
  2S       16.734172   7.22192533762826133e-02   7.26921015956823235e-01  -3.93082157194611148e-01   1.49496981245689220e-01  -3.95888338383776073e-02
  3S       16.730882  -2.86976307348083132e-02   2.34971375233965607e-01  -3.61888358761703333e-01   1.58775204006026127e-01  -4.35787379394853569e-02
  4S        9.349486  -3.94701130389034198e-03  -3.69795812601988599e-02   2.08881469469510195e-01  -7.41742784973496438e-02   1.55663312513717334e-02
  4S        6.986214  -1.67039220821094451e-03  -2.36861614091281730e-02  -5.21231125588940900e-02  -1.36712158100295633e-01   6.24252533882497726e-02
  2S        5.834851   8.47126521552188025e-03   9.63445586309104596e-02   1.09644729526242157e+00  -5.16232614746732543e-01   1.79313005307846163e-01
  2S        4.333246  -6.57431180999574582e-04  -3.44107991964609982e-03   1.81489065848860977e-03  -3.28018027470772189e-01   2.46530620469027836e-02
  2S        2.286303   6.30286630634763244e-05   6.34102656100402192e-05   3.83995347806400386e-03   1.38294021522160482e+00  -2.71369600787386034e-01
  2S        1.569080  -2.24245019467124837e-05  -4.09844013924057560e-05  -5.63519723678856379e-04   5.37518124737464201e-02  -4.12701167183838036e-01
  2S        0.645727   4.35239807279332410e-06   6.99125730215265969e-06   1.01560632675138296e-04  -1.13308832534130444e-03   1.13726773234961054e+00
  3S        0.597422  -2.05138088547694855e-06  -3.25031265014258484e-06  -4.66372309839752880e-05   4.44338430101124163e-04   8.45942039065324114e-02
        P                    2P             3P             4P 
  BASIS/ORB.ENERGY  -7.29960369306084971e+01  -1.06999755124298215e+01  -1.09816343519266146e+00
              CUSP   1.00096762229708336e+00   9.99891239435406698e-01   9.99149415825325571e-01
  2P       59.272426  -5.23612912479090153e-03  -3.65498997536853852e-03  -1.33839943629840245e-03
  3P       48.379341  -1.14862782880562949e-02  -7.93009492730545502e-03  -2.89044810063982839e-03
  2P       28.210855   3.32696666126072016e-01   1.72127289125970834e-01   5.98089071158961691e-02
  3P       22.663072   4.10459872830425787e-01   2.00697530425240828e-01   6.80590600264518036e-02
  3P       16.507289   3.15954624647243221e-01   3.26555440040595446e-01   1.29300875242475494e-01
  2P        9.969782   4.09869268759903774e-02  -3.09298183630353718e-01  -1.65919319634892148e-01
  3P        7.589743  -2.69308593864154254e-04  -7.40157765890698260e-01  -2.55309588750820382e-01
  3P        5.520342   4.19706895110710484e-04  -2.45905050701139632e-01  -3.97563599400310663e-01
  3P        1.729602   6.04964494676908272e-05   3.80001620065268829e-03  -8.36060365430443819e-01
  2P        1.558351  -8.78023441971009804e-05  -5.92600737489671747e-03   2.01976468539009257e+00
  2P        0.597422  -1.01499124574404298e-06  -2.44547493320548814e-05   2.31423720496676255e-03
        D                    3D 
  BASIS/ORB.ENERGY  -5.69439522761482753e+00
              CUSP   9.99649505166611330e-01
  3D       36.575295   1.44528475515097454e-03
  4D       28.607388   6.08021718194845257e-03
  3D       12.288934   1.99677456774280310e-01
  3D        7.865863   4.31556306829264213e-01
  3D        5.425616   3.84534725215419426e-01
  3D        3.736432   6.70549040098394333e-02
  3D        1.567766   3.47281801900980525e-04
  3D        0.597422  -3.34718807400957008e-05
