      TECHNETIUM   K(2)L(8)M(18)4S(2)4P(6)5S(2)4D(5), 6S                              
   E = -4.20478873465630750e+03
   T = 4.20478873455328721e+03     V = -8.40957746920959471e+03     V/T = -2.00000000002450085e+00
  ORBITAL ENERGIES AND EXPANSION COEFFICIENTS
        S                    1S             2S             3S             4S             5S 
  BASIS/ORB.ENERGY  -7.58043047466647181e+02  -1.09069786533859329e+02  -2.01318346514447413e+01  -3.15215680489214600e+00  -2.31307895403499192e-01
              CUSP   1.00026513295032671e+00   9.99922159824066070e-01   1.00030563857575339e+00   1.00048161665857260e+00   1.00087455804052250e+00
  1S       74.164305  -2.19094134322527154e-02   4.15437906612284857e-02  -1.79074818507752968e-02   7.04608879898996777e-03  -1.75542222864190248e-03
  3S       54.792743   2.69515185065521655e-02  -4.45813052092892542e-02   1.98100580202208790e-02  -7.90608932688778056e-03   2.01045177046333583e-03
  1S       44.805211   9.75481950615585736e-01  -3.85367280500796883e-01   1.64007889573166643e-01  -6.53040417305021381e-02   1.63877524620052832e-02
  4S       32.289572  -3.00290280392798530e-02   1.00990186840169721e-01  -3.29452251116319761e-02   1.03573422016368794e-02  -2.04282346416725675e-03
  3S       20.180572  -3.20948017495799251e-02   3.59274410735565430e-01  -3.97250913112486115e-01   1.93803780373476675e-01  -5.27478873229877410e-02
  2S       20.132338   8.39463566789465931e-02   5.74967224040192404e-01  -3.15906393263301444e-01   1.34865319457105920e-01  -3.55499335440609132e-02
  4S       11.529383  -3.55742831874835720e-03  -5.82889946735938858e-02   3.80045311580232636e-01  -1.39235101389377058e-01   2.96869678294021805e-02
  4S        8.882526  -7.97168934383866729e-04  -2.19463752776218914e-02   1.67600962742852105e-01  -2.71322815734858946e-01   1.09185397197179596e-01
  2S        7.851249   7.43708577191447718e-03   1.44972810287895243e-01   5.71313110853861383e-01  -1.63335240046385805e-01   9.40250308897381398e-02
  2S        5.980539  -4.74171025851744313e-04  -3.64200303816157676e-03   1.29521895756026240e-01  -6.79733276729540203e-01   1.16802540001243557e-01
  2S        3.063907   2.60158502234161538e-05   2.90335920573135670e-05   4.13070802113501591e-03   1.44533512270526043e+00  -3.28325578419576825e-01
  2S        2.193010  -6.76723577689484071e-06  -4.44618313588785355e-05  -3.03608760724700380e-04   1.22838822236683354e-01  -3.42922098997392788e-01
  2S        0.862897   6.83991848644705052e-07   6.65836626604194665e-06   9.30390281597189971e-05  -2.93177170206276481e-03   6.03599095987746637e-01
  2S        0.680109  -4.62688992442428303e-07  -3.59463806063186017e-06  -3.83111621448538651e-05  -1.42816480222853794e-03   5.64333280088518574e-01
        P                    2P             3P             4P 
  BASIS/ORB.ENERGY  -1.00406091404726212e+02  -1.66995772788052470e+01  -2.04121918457298035e+00
              CUSP   1.00069036294574998e+00   1.00036888177023786e+00   1.00092957766335333e+00
  2P       66.630255  -7.47575541803770748e-03  -5.28949900217838467e-03  -2.70684289434631716e-03
  3P       55.413772  -1.40336205503093503e-02  -9.97602217458587112e-03  -5.12174378866658668e-03
  2P       34.081682   2.82051728470919916e-01   1.53087063951620694e-01   7.09264795411904542e-02
  3P       27.355959   3.35106211481658700e-01   1.60668460779100408e-01   6.89701286276585140e-02
  3P       20.428471   2.99536514204299165e-01   2.91936721503116947e-01   1.61974527653780231e-01
  2P       14.321864   1.76628924315301333e-01  -8.99108457476162498e-02  -1.39444842854118178e-01
  3P        9.543653   1.54840426600259514e-03  -7.67324789570619115e-01  -2.98475072381885809e-01
  3P        7.107659   1.15984364807149163e-04  -3.32895033404500496e-01  -5.79064752726247689e-01
  3P        2.425902   1.01253051725805457e-04   6.52564828878098805e-03  -8.62967468088508327e-01
  2P        2.175861  -1.73421905242884930e-04  -1.08387680638709037e-02   2.15589591805092384e+00
  2P        0.680109  -8.86579667166329794e-07  -1.70307960424638881e-05   1.68131947949993273e-03
        D                    3D             4D 
  BASIS/ORB.ENERGY  -1.04446388494809561e+01  -5.43952625018850444e-01
              CUSP   9.99162119833417739e-01   1.00016116287095391e+00
  3D       47.460462   7.02180790568298816e-04  -2.57982944641663527e-04
  4D       35.858566   3.83858829571447416e-03  -1.44434238129371247e-03
  3D       19.502703   3.31153693689997591e-03   3.05408289056039069e-03
  3D       14.581944   1.95537684087222968e-01  -6.81995721739598604e-02
  3D        9.140374   6.30285053062170864e-01  -1.99009877406317426e-01
  4D        7.498466   1.82654532122023400e-01  -1.44473811494588544e-01
  3D        5.110192   6.60936834445405297e-02   8.82632601378487841e-02
  3D        3.054737   9.24594050124128851e-04   4.47018393041467732e-01
  3D        1.987935   1.18682938248913228e-04   4.72598128322525124e-01
  3D        1.308653  -3.82481576884729940e-05   1.79843579087782673e-01
  3D        0.680109   6.45182677973780175e-06   1.01590129411076768e-03
 
