      TELLURIUM   K(2)L(8)M(18)4S(2)4P(6)5S(2)4D(10)5P(4), 3P                         
   E = -6.61178405117213333e+03
   T = 6.61178404286535806e+03     V = -1.32235680940374914e+04     V/T = -2.00000000125635902e+00
  ORBITAL ENERGIES AND EXPANSION COEFFICIENTS
        S                    1S             2S             3S             4S             5S 
  BASIS/ORB.ENERGY  -1.13091700036697648e+03  -1.72755399456915455e+02  -3.57548871922422293e+01  -6.64701778826687839e+00  -7.00560142932257657e-01
              CUSP   1.00028290625523453e+00   1.00007447419598416e+00   1.00038283732925470e+00   1.00065713958677005e+00   9.99731124023613638e-01
  1S       85.845242   1.51998755926697152e-02  -4.98721220135325966e-02   2.16043276807972445e-02   8.83422035741172548e-03  -2.93836955220251736e-03
  3S       64.575316  -1.82833796470646057e-02   4.68215349858308316e-02  -2.08688495214318301e-02  -8.75591997015449063e-03   2.75505967333009114e-03
  1S       53.318205  -9.84358165429407128e-01   4.11035795643444946e-01  -1.81301845461637190e-01  -7.91807028673267854e-02   2.59773414130620127e-02
  4S       38.055728   2.14102362366406541e-02  -1.15314701746285886e-01   3.32086353954601163e-02   5.15166047300474623e-03  -3.62225407544135682e-03
  4S       23.183837   2.87950462623185952e-03   6.17053004335257962e-02  -2.36110132884193608e-01  -2.02152936822512369e-01   6.54647150147137785e-02
  3S       23.181322   4.40501634931132757e-02   5.30149463379044669e-03   2.33661452980388734e-01   1.34492167754511005e-01  -3.56281691236261244e-02
  2S       20.472540  -8.26972439361770700e-02  -1.03395636208216013e+00   4.47356590016361300e-01   1.49824912143267736e-01  -4.73775047475017627e-02
  4S       14.954391   2.07792717233004479e-05  -4.21535639145180583e-03  -7.75014110510963139e-01  -6.21860230859881291e-01   2.31546560374867982e-01
  4S       11.061281   1.03184661256244944e-04   1.01121968567513022e-03  -2.95710882607139069e-01  -6.45806336176143470e-01   2.49470959160148442e-01
  2S        4.106440  -1.65388379846915053e-04  -2.67457790333842341e-04  -1.19347950306237047e-02   1.79865402046307521e+00  -5.17403555059764764e-01
  3S        2.453937  -2.59327020231910554e-04  -6.89660688419326028e-04  -6.03627357168552616e-03   2.95509171086727473e-01   1.04923096558123330e+00
  2S        2.078816   3.41588363593987420e-04   8.87541736772420029e-04   9.15580527372849944e-03  -4.31642955836777198e-01  -1.40326914797964553e+00
  2S        1.341043   6.31627018912775814e-06   2.07189702047744169e-05  -3.51844797021657956e-04   1.58453026546482578e-02   1.21098516061081973e+00
  2S        0.848330  -3.44983800696982816e-06  -1.09028349074544600e-05   5.30388401172986749e-05  -1.34045536951369650e-03   3.37909144687114638e-02
        P                    2P             3P             4P             5P 
  BASIS/ORB.ENERGY  -1.61734370187706219e+02  -3.10840451723340578e+01  -4.95256800678036146e+00  -3.59831758444658867e-01
              CUSP   1.00085713562575074e+00   1.00079371240016313e+00   1.00000133747706310e+00   9.99937390996633035e-01
  2P       64.520612   1.44885816802107683e-02   2.30772104214274423e-02  -1.70879273628866540e-02   5.37633008938217909e-03
  3P       57.342579   1.60543107493017548e-02   2.49185066616131358e-02  -1.82780303020368372e-02   5.74479319667397809e-03
  3P       38.066026   9.31197999384750369e-02   1.20500555726870587e-01  -8.80264911251324167e-02   2.76365687183538523e-02
  2P       26.860842  -9.17188103406778255e-01  -5.73299656115361378e-01   3.03804121055336218e-01  -8.84721500780553810e-02
  3P       21.909185  -2.31651195897690093e-01  -1.37917418818382681e-01   1.82673734057053790e-02   1.09615871477396014e-03
  3P       12.422323  -9.07521807478859494e-04   7.02508048987467326e-01  -1.35925614495561148e-01   2.35499017012099666e-02
  3P       10.518869  -3.58835494143024255e-03   3.46802632537631716e-01  -7.77477139919701798e-01   2.81560181376558805e-01
  3P        4.865646  -5.67423304685476561e-03  -2.23411204148104114e-01   5.68044180841191459e-01  -3.82120051720084841e-02
  2P        3.990216   7.84847112257523738e-03   3.49265854209745763e-01   5.39732884068313545e-01  -1.09988890206483891e-01
  2P        2.979535  -3.38888223519736599e-04  -3.98171849571653663e-02   2.37453065915988970e-01  -6.28008700727562985e-01
  2P        1.573641  -1.52048794330019598e-04   3.51563065166466239e-03  -1.65505439320962132e-03   2.60224137724947180e-01
  2P        1.082552   1.44517579940032072e-04  -1.93638352006382389e-03   3.19887212399978067e-03   7.45928941982979654e-01
  2P        0.848330  -5.97067561820442620e-05   6.26167582282329948e-04  -7.35911305266166845e-04   2.64912922615176294e-01
        D                    3D             4D 
  BASIS/ORB.ENERGY  -2.25123473126303857e+01  -2.03828771139996645e+00
              CUSP   9.99504990102623059e-01   1.00034736041554440e+00
  3D       57.659379   7.13139517365551229e-04  -4.38945540814414837e-04
  4D       44.352216   3.49845218697550668e-03  -2.23597795626619871e-03
  3D       24.129056  -1.80566245394176948e-02   2.28306697993548025e-02
  3D       19.832277   1.74363653793943058e-01  -1.02121558121253148e-01
  3D       12.290430   5.67535108394056187e-01  -8.40012406395703876e-02
  3D        9.774302   1.49643831412628270e-01  -5.11729894450614897e-01
  3D        8.292981   1.74117035590015318e-01   2.44975027674517204e-01
  3D        4.494608   2.79485027051590501e-03   6.58388417335977638e-01
  3D        3.020391  -4.40412840850573303e-04   4.09360027432646045e-01
  3D        1.937052   5.77801715247149356e-05   3.50382999256380820e-02
  3D        0.848330  -9.16869285589878582e-06   1.83559624285034931e-04
 
