      XENON   K(2)L(8)M(18)4S(2)4P(6)5S(2)4D(10)5P(6), 1S                             
   E = -7.23213835583486070e+03
   T = 7.23213837129822241e+03     V = -1.44642767271330831e+04     V/T = -1.99999999786185478e+00
  ORBITAL ENERGIES AND EXPANSION COEFFICIENTS
        S                    1S             2S             3S             4S             5S 
  BASIS/ORB.ENERGY  -1.22439777365909572e+03  -1.89340115024794954e+02  -4.01756601971502150e+01  -7.85630023776956055e+00  -9.44412682425785466e-01
              CUSP   1.00022860750322273e+00   1.00004075629576050e+00   1.00034509377225755e+00   1.00058283459804742e+00   9.99915485562106521e-01
  1S       91.946915   2.18562448893689018e-02  -4.47262022031846354e-02   1.97548787015427614e-02   8.42254325980520274e-03  -2.98404744760716670e-03
  3S       68.927732  -2.36197935491644743e-02   4.31665526052406393e-02  -1.96115805954059606e-02  -8.55993361702061042e-03   2.91449270631487841e-03
  1S       56.137679  -9.79910175250733317e-01   3.97469674959948449e-01  -1.77236679761480692e-01  -7.96025131749607817e-02   2.80330081717722092e-02
  4S       40.832514   2.95928850863895858e-02  -1.10764039418554811e-01   3.60084854727951084e-02   8.75892819347333547e-03  -4.38865188021674447e-03
  3S       24.369639   7.26198301122057133e-02  -7.13155794214692801e-02   2.47503717887175650e-01   1.35761621557013767e-01  -4.15903909652594814e-02
  4S       24.363016   9.23278598792438322e-03   1.36784334148525616e-01  -2.44698352407090980e-01  -2.00781284955070582e-01   7.15998778713266698e-02
  2S       20.633849  -1.29849940499700223e-01  -1.02034992900284527e+00   4.50382330335341141e-01   1.53427788154427341e-01  -5.13284384148796208e-02
  4S       15.760476   1.29848239975530579e-03  -3.51913637021959193e-04  -7.78132571379052673e-01  -6.40418420657754561e-01   2.55591308655654548e-01
  4S       11.686818  -4.36901153881349296e-04  -2.24136539344060485e-04  -3.06171422632878332e-01  -6.74085385439838536e-01   2.82982862536365787e-01
  2S        4.107994   2.22182240373034460e-04   5.97652230115489221e-04  -1.27129453499264713e-02   2.01037829596446382e+00  -9.79222506577275720e-01
  4S        3.311303   2.83504646747004057e-04   5.39418266909117696e-04  -6.99346320567862875e-03   6.54257279651081936e-01   4.33608711909837852e-01
  3S        2.975274  -3.75689729883416361e-04  -7.54697838066921553e-04   1.06976033425694381e-02  -9.93625299885954272e-01  -4.59643620639952954e-01
  2S        1.535005  -1.55352134675329495e-05  -1.96158081215276605e-05  -7.75996357590383237e-05   1.35099647204605915e-02   1.21353948367832709e+00
  2S        0.956336   4.23915695362805293e-06   4.79765135516158559e-06   2.15798572079874618e-05  -1.22184006159279388e-03   2.96197699437635992e-02
        P                    2P             3P             4P             5P 
  BASIS/ORB.ENERGY  -1.77782442288914012e+02  -3.52216593289632769e+01  -6.00833710700409185e+00  -4.57289711563071188e-01
              CUSP   1.00090472532104080e+00   1.00099802334603871e+00   1.00016462086335944e+00   9.99699269266871693e-01
  2P       66.836641   1.55163005195041795e-02   2.40226759775974547e-02  -1.97939313825144618e-02   7.29220731773644239e-03
  3P       59.325786   1.73178151843316544e-02   2.61933256018000611e-02  -2.13671428492697504e-02   7.85446325423450227e-03
  3P       39.440533   9.71646804909149370e-02   1.23820115163609426e-01  -1.00581523094307179e-01   3.69922793595503230e-02
  2P       27.876421  -9.31170126823553712e-01  -5.89610647561410128e-01   3.43039514312588167e-01  -1.14245951751857505e-01
  3P       22.662415  -2.24827664804435307e-01  -1.43840299106332253e-01   2.31298407954807807e-02   3.55355610058874895e-03
  3P       13.533766   1.18617038242221987e-02   1.83705975806318755e-01   4.81188871208223012e-01  -2.21027246529737070e-01
  3P       12.290050  -1.50066490819109454e-02   8.03153900479017802e-01  -1.20113184516840432e+00   4.95865081285074838e-01
  3P        5.472844  -8.17317613984188535e-03  -3.42983800067826694e-01   1.17175908945655904e+00  -1.86429470081464127e-01
  2P        4.492251   1.21569652319395219e-02   5.92590165274117231e-01  -7.56462029635412425e-01   5.96656707385205154e-01
  2P        3.729958  -1.20148357695742231e-03  -1.03817524289212440e-01   7.67723237587090934e-01  -1.20284800144892512e+00
  2P        1.571562  -1.70156614979227321e-04   2.29383988626698492e-03   2.97322299150876374e-03   5.91142841539714081e-01
  2P        1.115472   2.46731559315517275e-04  -2.20690059655448715e-03   1.65186882562144921e-04   5.87827642083341817e-01
  2P        0.956336  -1.34291423803396814e-04   1.05113006408683041e-03  -2.63921071846168198e-04   1.11143107340478331e-01
        D                    3D             4D 
  BASIS/ORB.ENERGY  -2.61188666652046493e+01  -2.77787985519180669e+00
              CUSP   9.99752913699231360e-01   1.00053145434276058e+00
  3D       59.845045   8.74389719170038347e-04  -6.38636629511751689e-04
  4D       46.464727   4.09132272680138350e-03  -3.09736108752469048e-03
  3D       25.986788  -4.70460039340499792e-02   4.45100851135494108e-02
  3D       22.364559   1.67711968470481282e-01  -1.10618592763541884e-01
  3D       13.517132   5.13013450447361463e-01  -9.24761649688595755e-02
  3D       10.630383   2.37812516757714115e-01  -4.85579437316044138e-01
  3D        8.943390   1.71640534888021501e-01   1.69992286995497732e-01
  3D        4.862982   4.56702198121952587e-03   7.24022958157270358e-01
  3D        3.343632  -1.41588989347849587e-03   3.71855331400009648e-01
  3D        2.100705   2.47895543276159395e-04   2.51152405381816698e-02
  3D        0.956336  -3.82146553344342443e-05   1.03999111996710969e-04
 
