      YTTRIUM   K(2)L(8)M(18)4S(2)4P(6)5S(2)4D(1), 2D                                 
   E = -3.33168416795622943e+03
   T = 3.33168416470527018e+03     V = -6.66336833266149915e+03     V/T = -2.00000000097577058e+00
  ORBITAL ENERGIES AND EXPANSION COEFFICIENTS
        S                    1S             2S             3S             4S             5S 
  BASIS/ORB.ENERGY  -6.16749350825055217e+02  -8.58109443589181637e+01  -1.47589162855400318e+01  -2.16885906002510342e+00  -1.96161513644262236e-01
              CUSP   1.00034969927788220e+00   1.00014509989457312e+00   1.00043793039680984e+00   1.00054923654433470e+00   1.00083676527734466e+00
  1S       65.677600  -1.88790730829597325e-02   4.53701416257768150e-02  -1.93667994444963604e-02   7.07118744045752423e-03  -1.84600641198708537e-03
  3S       48.695568   2.48794165046912451e-02  -4.79548787783356939e-02   2.09559283568476890e-02  -7.72191814710141474e-03   2.04251756722026575e-03
  1S       40.299003   9.78815164536049998e-01  -3.92221318976033517e-01   1.63001595315557968e-01  -5.98844691508505222e-02   1.56853710660146903e-02
  4S       28.271256  -2.73291672296225169e-02   1.07264144024531119e-01  -3.70224629151393800e-02   1.16089601515700185e-02  -2.68841422678026435e-03
  3S       17.344941  -2.99988096416681643e-02   2.46770340926614484e-01  -3.65325368554925034e-01   1.66230597218768261e-01  -4.62640972743711548e-02
  2S       17.267598   7.47954476893449849e-02   7.11595769244084297e-01  -3.87077282948701862e-01   1.52882938050897421e-01  -4.11511610240177655e-02
  4S        9.716539  -3.76937256861715510e-03  -3.82845345074303775e-02   2.40639682082675527e-01  -8.93452200712009786e-02   1.98411396194733344e-02
  4S        7.333781  -1.60075549141671433e-03  -2.42247253861054140e-02  -2.98097336464297931e-02  -1.67324232735894890e-01   7.21620373801335618e-02
  2S        6.106382   8.14791812656920703e-03   1.01080506855165411e-01   1.04197709730299271e+00  -5.33685018517895626e-01   1.82876539756668011e-01
  2S        4.377257  -5.98315819636714816e-04  -4.19917905822807420e-03   3.31636386147709074e-03  -3.65260762768395419e-01   3.80656230220616024e-02
  2S        2.487865   8.21463563993434100e-05   3.19568331979714932e-04   3.97119076090941131e-03   1.42059598806091825e+00  -2.58645594047058669e-01
  2S        1.782123  -2.70866928060990069e-05  -1.29064780882511535e-04  -5.42420262176401520e-04   9.31270622855711466e-02  -4.38959551893878863e-01
  2S        0.696713   3.25431623579700934e-06   1.49045037938097701e-05   8.95654214435508481e-05  -3.92375228721778772e-03   1.11741478438611708e+00
  3S        0.626327  -1.47487523418984677e-06  -7.33038587312497891e-06  -2.81675462020443309e-05  -8.37955385342026174e-05   9.43852460356037204e-02
        P                    2P             3P             4P 
  BASIS/ORB.ENERGY  -7.81644715102666652e+01  -1.18541927664567215e+01  -1.30118777496680305e+00
              CUSP   1.00090279501108581e+00   9.99849795693697252e-01   9.99394984123066821e-01
  2P       59.900446  -6.63409722045575547e-03  -4.43791240267664509e-03  -1.72578210803867125e-03
  3P       49.386205  -1.34570561183820700e-02  -8.94162287563874877e-03  -3.46929095628876159e-03
  2P       29.527649   3.24157324847095807e-01   1.68501966052936075e-01   6.19587944865482854e-02
  3P       23.603873   4.04259110599808569e-01   1.97774871668559199e-01   7.05507095528988132e-02
  3P       17.192929   3.24704142806502449e-01   3.24213302235159206e-01   1.36631325176912649e-01
  2P       10.613393   4.99718088726621226e-02  -2.69206744486061800e-01  -1.62999595145700310e-01
  3P        7.969468  -2.89503207085580437e-04  -7.55355093354142859e-01  -2.72248001552167773e-01
  3P        5.813073   4.36279425015759865e-04  -2.58124672060634275e-01  -4.42578783538134901e-01
  3P        1.867462   7.59254328073505488e-05   3.16918871984505496e-03  -9.06792097887769377e-01
  2P        1.678620  -1.08951624530287682e-04  -5.11985454923669439e-03   2.11820618694992868e+00
  2P        0.626327  -1.45941705348454867e-06   1.02066237195960215e-05   1.97847935067938701e-03
        D                    3D             4D 
  BASIS/ORB.ENERGY  -6.59948044364926556e+00  -2.49848873560343743e-01
              CUSP   1.00002946264405779e+00   1.00068175952677585e+00
  3D       40.810898   9.66964538720674793e-04  -2.09142168350802805e-04
  4D       31.088920   4.95184697372800121e-03  -1.07170650346850318e-03
  3D       13.030122   1.87017637094980788e-01  -4.73405523802439138e-02
  4D       11.548644   1.16097129000722245e-02  -1.93085314235243201e-02
  3D        8.178911   5.44343729142585664e-01  -9.30001920665973481e-02
  4D        6.740759   2.03890016615447950e-01  -9.80749305179324793e-02
  3D        4.532441   1.43551238716885105e-01   7.11802826181805876e-03
  3D        2.474758   3.98341873121594442e-03   2.95085916616692812e-01
  3D        1.534569  -8.20226524394903006e-04   4.82602596401113582e-01
  3D        0.951074   3.84618898311686196e-04   3.35676970265353314e-01
  3D        0.626327  -1.03571803342071293e-04   1.66744831579256902e-02
 
