      ZIRCONIUM   K(2)L(8)M(18)4S(2)4P(6)5S(2)4D(2), 3F                               
   E = -3.53899506277463752e+03
   T = 3.53899505823699974e+03     V = -7.07799012101163680e+03     V/T = -2.00000000128218236e+00
  ORBITAL ENERGIES AND EXPANSION COEFFICIENTS
        S                    1S             2S             3S             4S             5S 
  BASIS/ORB.ENERGY  -6.50704984358621573e+02  -9.13776855187338413e+01  -1.60550182126101291e+01  -2.41920423579624311e+00  -2.07293593396835035e-01
              CUSP   1.00033310091298988e+00   1.00013036599938721e+00   1.00042607902853486e+00   1.00049572218716376e+00   1.00077084474846090e+00
  1S       67.592359  -2.00930476560544566e-02   4.51536721606503252e-02  -1.93805432767787909e-02   7.27720785157840409e-03  -1.92446481591159358e-03
  3S       50.153491   2.55933556698431756e-02  -4.74105740138356727e-02   2.08379337049332085e-02  -7.88367592668924068e-03   2.11165182212876869e-03
  1S       41.425649   9.78506180863861319e-01  -3.91660755436690544e-01   1.63959427269758540e-01  -6.19692115458302314e-02   1.64430509643714827e-02
  4S       29.178763  -2.82151038953430307e-02   1.08043805237298562e-01  -3.75844432233292045e-02   1.22674887434970781e-02  -2.89732926239550867e-03
  3S       17.919326  -3.00962920456554102e-02   2.70971818932690012e-01  -3.77340992975162548e-01   1.75897281419043594e-01  -4.95405963189068585e-02
  2S       17.912024   7.66180355267690044e-02   6.86454807021733560e-01  -3.75447014494517672e-01   1.52945754582807902e-01  -4.17337346423937161e-02
  4S        9.994816  -3.83654904322892508e-03  -3.79043077411644613e-02   2.63404150256713099e-01  -1.02535758067400923e-01   2.32830261756746155e-02
  4S        7.642912  -1.64312472368472059e-03  -2.51879199785409215e-02  -5.48567699986128310e-02  -1.78511153260975303e-01   7.78762629587336913e-02
  2S        6.238086   8.61511089689546809e-03   1.05610029517145113e-01   1.05641177901235839e+00  -5.80977348239770097e-01   2.03065039200553077e-01
  2S        4.544157  -9.57426527450918382e-04  -7.91728285435234699e-03  -1.53380599311925096e-02  -3.51156710559480223e-01   2.87209697183425303e-02
  2S        2.661086   1.43968807334087483e-04   7.93468665384691003e-04   7.18770045196919383e-03   1.42770401247997780e+00  -2.59648723886621746e-01
  2S        1.940158  -4.61015616006469592e-05  -3.25246152883900427e-04  -6.95273932148210666e-04   1.23256228967789566e-01  -4.37343838487509740e-01
  2S        0.730087   4.15677350288033275e-06   4.58283581205992516e-05  -1.27320855824372356e-04   2.53299532729279271e-04   1.09829781977793561e+00
  3S        0.643883  -2.03241328394651593e-06  -1.26597886044618007e-05  -5.83168310598359543e-05   1.73070333521080567e-04   1.00019334852904179e-01
        P                    2P             3P             4P 
  BASIS/ORB.ENERGY  -8.34785390234231244e+01  -1.30197567823424620e+01  -1.48760666751800907e+00
              CUSP   1.00053255373078165e+00   9.99690484810702995e-01   9.99369693712899299e-01
  2P       60.343183  -8.73665828737103627e-03  -5.74707357291969444e-03  -2.36457468927738510e-03
  3P       50.196004  -1.64334976942546729e-02  -1.07955105256268002e-02  -4.43831636273661623e-03
  2P       30.901959   3.17413478377403468e-01   1.67681743910362530e-01   6.52519898704685408e-02
  3P       24.531890   3.97830886636876491e-01   1.95768812873257841e-01   7.34802302965798515e-02
  3P       17.884138   3.28074193422129290e-01   3.25818072799100522e-01   1.46302678799552471e-01
  2P       11.439539   6.34220580468103368e-02  -2.36067025272741926e-01  -1.61847160398841311e-01
  3P        8.353774   4.58865085124063267e-04  -7.66677498754091302e-01  -2.86469084819724606e-01
  3P        6.122179   3.60666267223046743e-04  -2.71939935350224871e-01  -4.81687410191834475e-01
  3P        2.017179   9.30993974457167568e-05   4.59272436387102214e-03  -8.96093487920978093e-01
  2P        1.812481  -1.83632848325506067e-04  -8.33736892610179546e-03   2.13536556780691411e+00
  2P        0.643883  -1.74791512592778298e-07   7.00759024659007282e-06   1.95420680861613585e-03
        D                    3D             4D 
  BASIS/ORB.ENERGY  -7.51583987580535773e+00  -3.36758481438201807e-01
              CUSP   1.00063130587272431e+00   9.99539058280851878e-01
  3D       42.479679   9.11351863538902734e-04  -2.28746465554832744e-04
  4D       32.217117   4.80845561419348481e-03  -1.22342212098830211e-03
  3D       13.438794   1.89819548547170286e-01  -5.14087681020803933e-02
  4D       12.539994   6.95957949637231437e-03  -1.37274985501929167e-02
  3D        8.374347   5.77956152314217819e-01  -1.29919454622122260e-01
  4D        6.870380   1.95439092182272484e-01  -1.19221920309829602e-01
  3D        4.690315   1.16255282416124983e-01   3.97587289704604135e-02
  3D        2.537352   3.02677003779403854e-03   3.84654134309143303e-01
  3D        1.602841  -6.56485747170710340e-04   4.81600767728394608e-01
  3D        1.043033   3.23367233693672455e-04   2.41433555213054124e-01
  3D        0.643884  -6.47658650588642975e-05   4.31915195003569532e-03
 
